TUCASEID,TEAGE_EC,TEELDUR,TEELWHO,TEELYRS,TRELHH,TUECLNO,TULINENO,TXAGE_EC,TXELDUR,TXELWHO,TXELYRS
20240101240219,78,4,47,3,0,5,-1,42,0,0,0
20240101240219,85,4,48,3,0,6,-1,60,0,0,0
20240101240500,62,4,28,3,1,2,2,0,0,0,0
20240101240724,70,1,44,-1,0,2,-1,0,0,0,-1
20240101240750,75,1,33,-1,0,3,-1,0,0,0,-1
20240101240839,85,4,43,3,0,2,-1,60,0,0,0
20240101240876,85,2,33,-1,0,3,-1,60,0,0,-1
20240101241041,80,4,33,2,0,3,-1,60,0,0,0
20240101241041,80,4,34,2,0,4,-1,60,0,0,0
20240101241083,85,4,42,10,0,3,-1,60,0,0,0
20240101241083,80,4,49,7,0,4,-1,60,0,0,0
20240101241083,85,4,39,12,0,5,-1,60,0,0,0
20240101241083,85,4,33,8,0,6,-1,60,0,0,0
20240101241186,80,4,20,3,1,2,2,0,0,0,0
20240101241187,85,4,30,7,1,2,2,0,0,0,0
20240101241216,85,2,33,-1,0,3,-1,60,0,0,-1
20240101241240,80,1,49,-1,0,2,-1,0,0,0,-1
20240101241240,80,1,43,-1,0,3,-1,0,0,0,-1
20240101241240,80,1,43,-1,0,4,-1,0,0,0,-1
20240101241291,85,4,24,20,1,2,2,0,0,0,0
20240101241333,85,4,33,2,0,4,-1,60,0,0,0
20240101241390,79,4,49,2,0,3,-1,0,0,0,0
20240101241390,80,4,43,5,0,4,-1,0,0,0,0
20240101241486,85,2,42,-1,0,3,-1,60,0,0,-1
20240101241623,70,1,43,-1,0,3,-1,0,0,0,-1
20240101241703,80,3,43,-1,0,3,-1,60,0,0,-1
20240101241703,80,3,43,-1,0,4,-1,60,0,0,-1
20240101241895,73,4,33,1,0,4,-1,0,0,0,0
20240101241895,72,4,39,1,0,5,-1,0,0,0,0
20240101241895,73,2,40,-1,0,6,-1,0,0,0,-1
20240101241916,63,1,20,-1,1,2,2,0,0,0,-1
20240101242001,76,4,33,2,0,2,-1,0,0,0,0
20240101242020,75,3,35,-1,0,2,-1,0,0,0,-1
20240101242207,85,4,41,1,0,3,-1,60,0,0,0
20240101242207,85,4,33,1,0,4,-1,60,0,0,0
20240101242207,80,2,41,-1,0,5,-1,60,0,0,-1
20240101242275,70,4,21,2,1,2,2,0,0,0,0
20240101242285,80,4,39,5,0,3,-1,0,0,0,0
20240101242285,80,4,40,8,0,4,-1,60,0,0,0
20240101242291,85,2,44,-1,0,2,-1,0,0,0,-1
20240101242291,80,2,44,-1,0,3,-1,60,0,0,-1
20240101242334,85,4,56,4,0,3,-1,60,0,0,0
20240110230840,74,4,33,5,0,4,-1,0,0,0,0
20240111230012,80,4,33,2,0,2,-1,60,0,0,0
20240111230012,85,4,34,2,0,3,-1,60,0,0,0
20240111230092,85,4,33,5,0,4,-1,60,0,0,0
20240111230132,70,4,47,3,0,4,-1,0,0,0,0
20240111230132,75,4,48,5,0,5,-1,0,0,0,0
20240111230132,85,4,49,5,0,6,-1,60,0,0,0
20240111230646,71,3,44,-1,0,3,-1,42,0,0,-1
20240111230681,67,4,34,2,0,4,-1,0,0,0,0
20240111230696,75,4,24,5,1,2,2,0,0,0,0
20240111230862,59,2,35,-1,0,5,-1,0,0,0,-1
20240111230868,85,4,33,3,0,4,-1,60,0,0,0
20240111230878,72,4,24,3,1,2,2,0,0,0,0
20240111230878,70,4,24,3,1,3,3,0,0,0,0
20240111231008,85,4,34,2,0,3,-1,60,0,0,0
20240111231040,64,2,38,-1,0,2,-1,0,0,0,-1
20240111231071,85,4,33,4,0,3,-1,60,0,0,0
20240111231245,85,4,34,3,0,3,-1,60,0,0,0
20240111231266,78,1,47,-1,0,3,-1,0,0,0,-1
20240111231285,85,4,33,17,0,3,-1,60,0,0,0
20240111231285,85,4,39,5,0,4,-1,60,0,0,0
20240111231380,85,4,40,5,0,3,-1,60,0,0,0
20240111231585,85,4,33,2,0,3,-1,60,0,0,0
20240111231672,85,4,33,10,0,2,-1,60,0,0,0
20240111231672,68,4,38,7,0,3,-1,0,0,0,0
20240111231891,69,4,33,3,0,2,-1,0,0,0,0
20240111231891,73,4,34,5,0,3,-1,0,0,0,0
20240111232042,85,3,34,-1,0,4,-1,60,0,0,-1
20240111232090,75,2,33,-1,0,3,-1,0,0,0,-1
20240111232090,77,2,40,-1,0,4,-1,0,0,0,-1
20240111232238,69,3,44,-1,0,3,-1,0,0,0,-1
20240111232277,85,4,33,3,0,4,-1,60,0,0,0
20240111232295,85,4,30,7,1,2,2,0,0,0,0
20240111232312,78,3,42,-1,0,3,-1,0,0,0,-1
20240111232312,80,4,24,3,1,2,2,0,0,0,0
20240111232313,62,4,43,6,0,5,-1,0,0,0,0
20240111232313,59,4,33,2,0,6,-1,0,0,0,0
20240112230068,80,2,41,-1,0,2,-1,0,0,0,-1
20240112230068,61,2,38,-1,0,3,-1,0,42,0,-1
20240112230116,53,2,47,-1,0,2,-1,0,0,0,-1
20240112230116,67,2,48,-1,0,3,-1,0,0,0,-1
20240112230190,68,1,48,-1,0,3,-1,0,0,0,-1
20240112230195,77,3,48,-1,0,2,-1,0,0,0,-1
20240112230251,85,3,48,-1,0,4,-1,60,0,0,-1
20240112230252,72,4,26,2,1,3,3,0,0,0,0
20240112230507,80,4,43,6,0,5,-1,0,0,0,0
20240112230548,72,2,20,-1,1,2,2,0,0,0,-1
20240112230581,75,4,43,5,0,3,-1,0,0,0,0
20240112230603,85,4,33,4,0,3,-1,0,0,0,0
20240112230622,80,4,43,20,0,3,-1,60,0,0,0
20240112230637,74,1,33,-1,0,3,-1,0,0,0,-1
20240112230650,76,2,33,-1,0,2,-1,0,0,0,-1
20240112230650,70,1,34,-1,0,3,-1,0,0,0,-1
20240112230675,80,4,34,2,0,4,-1,60,0,0,0
20240112230695,85,1,43,-1,0,2,-1,60,0,0,-1
20240112230726,75,4,49,4,0,3,-1,0,0,0,0
20240112230758,78,4,33,3,0,5,-1,0,0,0,0
20240112230762,80,4,39,2,0,4,-1,0,0,0,0
20240112230762,80,4,40,2,0,5,-1,0,0,0,0
20240112230762,85,4,33,10,0,6,-1,60,0,0,0
20240112230762,85,4,56,10,0,7,-1,60,0,0,0
20240112230774,70,4,33,2,0,3,-1,0,0,0,0
20240112230774,69,4,34,2,0,4,-1,0,0,0,0
20240112230826,61,2,43,-1,0,2,-1,0,0,0,-1
20240112230826,55,4,43,2,0,3,-1,0,0,0,0
20240112230843,71,4,20,2,1,2,2,0,0,0,0
20240112230859,80,1,20,-1,1,2,2,0,0,0,-1
20240112230863,80,4,33,5,0,3,-1,60,0,0,0
20240112230864,78,4,33,2,0,3,-1,0,0,0,0
20240112230864,77,4,34,2,0,4,-1,0,0,0,0
20240112230892,74,4,48,5,0,3,-1,0,0,0,0
20240112230947,85,4,39,8,0,3,-1,60,0,0,0
20240112230968,77,4,56,2,0,5,-1,0,0,0,0
20240112230994,65,4,33,2,0,2,-1,0,0,0,0
20240112231020,85,4,33,5,0,5,-1,0,0,0,0
20240112231033,85,4,44,2,0,3,-1,0,0,0,0
20240112231093,76,4,33,10,0,3,-1,0,0,0,0
20240112231093,75,4,49,2,0,4,-1,0,0,0,0
20240112231115,62,4,33,10,0,4,-1,0,0,0,0
20240112231118,80,1,38,-1,0,3,-1,60,0,0,-1
20240112231143,65,4,44,2,0,3,-1,0,0,0,0
20240112231143,65,4,44,2,0,4,-1,0,0,0,0
20240112231291,70,4,43,5,0,3,-1,0,0,0,0
20240112231291,73,4,43,5,0,4,-1,0,0,0,0
20240112231323,85,4,33,5,0,3,-1,60,0,0,0
20240112231330,72,4,33,7,0,6,-1,0,0,0,0
20240112231349,73,4,34,3,0,2,-1,0,0,0,0
20240112231375,85,4,20,5,1,2,2,0,0,0,0
20240112231404,85,4,34,2,0,2,-1,60,0,0,0
20240112231404,85,1,43,-1,0,3,-1,60,0,0,-1
20240112231404,85,1,43,-1,0,4,-1,60,0,0,-1
20240112231404,85,1,43,-1,0,5,-1,61,0,0,-1
20240112231438,65,2,56,-1,0,2,-1,0,0,0,-1
20240112231461,63,1,33,-1,0,2,-1,0,0,0,-1
20240112231529,76,3,34,-1,0,5,-1,0,0,0,-1
20240112231529,79,1,39,-1,0,6,-1,0,0,0,-1
20240112231532,76,1,56,-1,0,2,-1,0,0,0,-1
20240112231553,80,4,34,5,0,3,-1,60,0,0,0
20240112231553,80,4,39,2,0,4,-1,60,0,0,0
20240112231553,80,4,40,2,0,5,-1,60,0,0,0
20240112231571,69,4,43,3,0,4,-1,0,0,0,0
20240112231571,76,4,43,4,0,5,-1,0,0,0,0
20240112231586,78,4,39,1,0,4,-1,0,0,0,0
20240112231598,85,4,33,7,0,2,-1,60,0,0,0
20240112231628,85,2,34,-1,0,3,-1,60,0,0,-1
20240112231655,80,4,28,15,1,2,2,0,0,0,0
20240112231658,64,4,33,5,0,5,-1,0,0,0,0
20240112231658,72,4,34,5,0,6,-1,0,0,0,0
20240112231689,85,4,33,50,0,2,-1,60,0,0,0
20240112231695,60,1,33,-1,0,9,-1,0,0,0,-1
20240112231696,85,4,33,12,0,3,-1,60,0,0,0
20240112231736,77,4,20,7,1,2,2,0,0,0,0
20240112231737,80,3,33,-1,0,6,-1,60,0,0,-1
20240112231737,85,3,34,-1,0,7,-1,0,0,0,-1
20240112231737,78,4,44,10,0,8,-1,0,0,0,0
20240112231737,78,1,49,-1,0,9,-1,0,0,0,-1
20240112231737,78,1,49,-1,0,10,-1,0,0,0,-1
20240112231746,75,4,40,5,0,5,-1,0,0,0,0
20240112231751,80,4,39,7,0,3,-1,60,0,0,0
20240112231778,85,4,39,5,0,3,-1,60,0,0,0
20240112231781,85,4,33,2,0,3,-1,60,0,0,0
20240112231814,80,1,44,-1,0,2,-1,61,0,0,-1
20240112231820,64,4,56,30,0,2,-1,0,0,0,0
20240112231837,62,4,30,15,1,2,2,0,0,0,0
20240112231870,80,4,33,5,0,2,-1,60,0,0,0
20240112231921,85,2,43,-1,0,2,-1,60,0,0,-1
20240112231921,85,1,43,-1,0,3,-1,0,0,0,-1
20240112231931,85,3,44,-1,0,3,-1,60,0,0,-1
20240112231931,71,3,39,-1,0,4,-1,0,0,0,-1
20240112231983,79,1,43,-1,0,2,-1,0,0,0,-1
20240112232024,80,4,20,6,1,2,2,0,0,0,0
20240112232039,79,4,44,10,0,3,-1,0,0,0,0
20240112232051,85,4,39,3,0,3,-1,60,0,0,0
20240112232051,85,4,40,3,0,4,-1,60,0,0,0
20240112232089,80,3,39,-1,0,3,-1,60,0,0,-1
20240112232089,85,3,40,-1,0,4,-1,60,0,0,-1
20240112232093,80,4,20,40,1,2,2,0,0,0,0
20240112232116,74,4,20,9,1,2,2,0,0,0,0
20240112232154,69,4,49,19,0,3,-1,0,0,0,0
20240112232154,66,4,49,5,0,4,-1,0,0,0,0
20240112232169,85,4,24,3,1,3,3,0,0,0,0
20240112232171,85,1,39,-1,0,3,-1,60,0,0,-1
20240112232181,85,4,24,10,1,2,2,0,0,0,0
20240112232182,85,4,33,10,0,3,-1,60,0,0,0
20240112232184,73,2,33,-1,0,3,-1,0,0,0,-1
20240112232184,74,2,34,-1,0,4,-1,0,0,0,-1
20240112232205,77,2,33,-1,0,5,-1,0,0,0,-1
20240112232243,85,4,34,3,0,3,-1,60,0,0,0
20240112232264,71,4,42,4,0,2,-1,0,0,0,0
20240112232264,85,4,47,15,0,3,-1,60,0,0,0
20240112232290,76,4,20,2,1,2,2,0,0,0,0
20240112232307,74,4,40,5,0,3,-1,0,0,0,0
20240112232347,80,4,44,2,0,3,-1,60,0,0,0
20240201240003,85,4,33,12,0,2,-1,60,0,0,0
20240201240116,80,4,47,3,0,6,-1,60,0,0,0
20240201240116,85,4,48,3,0,7,-1,60,0,0,0
20240201240516,77,4,34,3,0,3,-1,0,0,0,0
20240201240524,66,3,20,-1,1,2,2,0,0,0,-1
20240201240538,85,4,33,2,0,3,-1,60,0,0,0
20240201240548,65,4,33,15,0,5,-1,0,0,0,0
20240201240548,80,4,34,10,0,6,-1,60,0,0,0
20240201240548,85,3,44,-1,0,7,-1,61,0,0,-1
20240201240574,85,4,48,2,0,2,-1,60,0,0,0
20240201240591,80,4,47,3,0,3,-1,60,0,0,0
20240201240592,85,4,20,10,1,2,2,0,0,0,0
20240201240597,85,4,43,4,0,3,-1,60,0,0,0
20240201240603,60,4,44,5,0,3,-1,0,0,0,0
20240201240603,68,4,44,5,0,4,-1,0,0,0,0
20240201240603,50,4,56,5,0,5,-1,0,0,0,0
20240201240603,50,4,56,5,0,6,-1,0,0,0,0
20240201240603,60,4,56,5,0,7,-1,0,0,0,0
20240201240614,80,4,39,20,0,5,-1,60,0,0,0
20240201240649,85,4,39,5,0,3,-1,60,0,0,0
20240201240662,75,2,37,-1,0,2,-1,0,0,0,-1
20240201240662,85,4,56,2,0,3,-1,60,0,0,0
20240201240683,85,3,34,-1,0,5,-1,60,0,0,-1
20240201240705,85,4,26,15,1,5,5,0,0,0,0
20240201240783,85,4,39,5,0,3,-1,60,0,0,0
20240201240901,80,3,40,-1,0,3,-1,60,0,0,-1
20240201240909,85,4,24,13,1,2,2,60,0,0,0
20240201240942,85,3,39,-1,0,3,-1,60,0,0,-1
20240201240980,85,2,33,-1,0,3,-1,60,0,0,-1
20240201240980,85,4,40,2,0,4,-1,60,0,0,0
20240201240998,85,1,34,-1,0,3,-1,60,0,0,-1
20240201241044,85,4,40,2,0,3,-1,60,0,0,0
20240201241052,78,1,20,-1,1,2,2,0,0,0,-1
20240201241065,74,4,34,11,0,3,-1,0,0,0,0
20240201241084,78,4,41,3,0,5,-1,0,0,0,0
20240201241106,85,4,41,2,0,3,-1,60,0,0,0
20240201241144,80,3,34,-1,0,5,-1,60,43,0,-1
20240201241144,85,4,47,2,0,6,-1,61,43,43,42
20240201241154,85,4,33,4,0,2,-1,60,0,0,0
20240201241174,85,4,24,10,1,3,3,0,0,0,0
20240201241201,85,3,47,-1,0,4,-1,60,0,0,-1
20240201241201,80,4,47,2,0,5,-1,0,0,0,42
20240201241202,80,2,40,-1,0,5,-1,0,0,0,-1
20240201241247,72,1,43,-1,0,3,-1,0,0,0,-1
20240201241315,85,3,33,-1,0,3,-1,60,0,0,-1
20240201241361,85,1,39,-1,0,3,-1,60,0,0,-1
20240201241394,85,4,33,7,0,3,-1,60,0,0,0
20240201241404,80,4,34,4,0,5,-1,0,0,0,0
20240201241411,85,4,37,7,0,3,-1,60,0,0,0
20240201241440,80,4,24,30,1,2,2,60,0,0,0
20240201241441,85,4,39,5,0,3,-1,60,0,0,0
20240201241443,64,4,33,3,0,3,-1,0,0,0,0
20240201241443,85,4,47,6,0,4,-1,60,0,0,0
20240201241492,85,4,24,2,1,2,2,0,0,0,0
20240201241549,85,4,43,4,0,2,-1,60,0,0,0
20240201241576,85,3,41,-1,0,6,-1,60,0,0,-1
20240201241604,85,4,39,8,0,3,-1,60,0,0,0
20240201241613,85,1,33,-1,0,3,-1,60,0,0,-1
20240201241659,28,4,49,15,0,6,-1,0,0,0,0
20240201241680,85,4,33,3,0,3,-1,60,0,0,0
20240201241716,85,4,24,3,1,2,2,0,0,0,0
20240201241716,85,4,24,3,1,3,3,0,0,0,0
20240201241720,85,4,43,5,0,2,-1,60,0,0,0
20240201241753,80,2,33,-1,0,3,-1,60,0,0,-1
20240201241753,80,2,34,-1,0,4,-1,60,0,0,-1
20240201241782,85,1,33,-1,0,3,-1,60,0,0,-1
20240201241870,80,4,33,3,0,4,-1,60,0,0,0
20240201241902,80,4,24,2,1,3,3,60,0,0,0
20240201241962,80,4,40,2,0,5,-1,60,0,0,0
20240201241962,75,4,33,1,0,6,-1,0,0,0,0
20240201241974,77,4,39,13,0,6,-1,0,0,0,0
20240201242043,80,4,33,17,0,3,-1,0,0,0,0
20240201242046,80,4,33,5,0,2,-1,60,0,0,0
20240201242049,72,4,33,20,0,3,-1,0,0,0,0
20240201242059,72,1,38,-1,0,2,-1,0,0,0,-1
20240201242068,85,4,40,5,0,3,-1,60,0,0,0
20240201242100,80,4,44,5,0,3,-1,61,0,0,0
20240201242105,64,1,38,-1,0,3,-1,0,0,0,-1
20240201242142,85,4,38,1,0,2,-1,60,0,0,0
20240201242157,75,3,20,-1,1,2,2,0,0,0,-1
20240201242201,68,4,24,5,1,2,2,0,0,0,0
20240201242255,85,4,44,3,0,4,-1,60,0,0,0
20240201242259,85,4,33,3,0,3,-1,60,0,0,0
20240201242282,85,4,33,3,0,3,-1,60,0,0,0
20240201242282,85,4,34,3,0,4,-1,60,0,0,0
20240201242305,70,4,20,5,1,2,2,0,0,0,0
20240201242325,85,3,33,-1,0,3,-1,60,0,0,-1
20240201242330,68,4,39,10,0,5,-1,0,0,0,0
20240201242330,75,4,40,10,0,6,-1,0,0,0,0
20240201242345,85,2,33,-1,0,3,-1,60,0,0,-1
20240201242348,70,4,33,3,0,5,-1,0,0,0,0
20240201242358,85,3,47,-1,0,4,-1,0,0,0,-1
20240201242358,85,3,48,-1,0,5,-1,60,0,0,-1
20240201242390,70,1,33,-1,0,4,-1,0,0,0,-1
20240201242391,85,4,43,1,0,2,-1,60,0,0,0
20240201242391,72,1,38,-1,0,3,-1,0,0,0,-1
20240202240566,80,4,33,6,0,5,-1,60,0,0,0
20240202240566,78,4,39,2,0,6,-1,0,0,0,0
20240202240734,80,4,34,2,0,7,-1,0,42,0,42
20240202240734,70,1,33,-1,0,8,-1,0,42,0,-1
20240202240955,69,4,33,2,0,3,-1,0,0,0,0
20240202240975,74,3,43,-1,0,2,-1,0,0,0,-1
20240202241045,67,1,34,-1,0,4,-1,0,0,0,-1
20240202241045,69,1,42,-1,0,5,-1,0,0,0,-1
20240202241045,66,4,41,2,0,6,-1,0,0,0,0
20240202241378,77,4,20,30,1,2,2,0,0,0,0
20240202241843,74,4,24,10,1,6,6,0,0,0,0
20240202241862,57,4,38,3,0,3,-1,0,0,0,0
20240202241918,73,4,20,3,1,2,2,0,0,0,0
20240211230213,73,4,47,4,0,4,-1,0,0,0,0
20240211230620,63,4,20,15,1,2,2,0,0,0,0
20240211230782,79,4,26,12,1,2,2,0,0,0,0
20240212230510,80,4,39,3,0,3,-1,0,0,0,0
20240212230523,85,1,47,-1,0,2,-1,0,0,0,-1
20240212230523,80,1,48,-1,0,3,-1,60,0,0,-1
20240212230623,68,3,20,-1,1,2,2,0,0,0,-1
20240212230699,67,2,34,-1,0,6,-1,0,0,0,-1
20240212230805,80,4,33,5,0,2,-1,60,0,0,0
20240212230822,80,4,43,3,0,4,-1,60,0,0,0
20240212230822,64,1,43,-1,0,5,-1,0,0,0,-1
20240212230869,63,1,33,-1,0,5,-1,0,0,0,-1
20240212231243,71,4,20,3,1,2,2,0,0,0,0
20240212231437,74,4,33,3,0,2,-1,0,0,0,0
20240212231663,75,4,34,2,0,3,-1,0,0,0,0
20240212231860,55,1,43,-1,0,3,-1,0,0,0,-1
20240212231877,85,4,42,2,0,2,-1,60,0,0,0
20240212231877,85,4,41,2,0,3,-1,60,0,0,0
20240212231949,85,4,47,3,0,6,-1,60,0,0,0
20240212232025,80,3,33,-1,0,3,-1,60,0,0,-1
20240212232040,68,1,40,-1,0,4,-1,0,0,0,-1
20240212232104,85,4,33,3,0,2,-1,60,0,0,0
20240212232106,69,4,44,5,0,5,-1,0,0,0,0
20240212232106,80,4,44,2,0,6,-1,0,0,0,0
20240212232195,60,3,24,-1,1,2,2,0,0,0,-1
20240212232220,62,4,24,5,1,2,2,0,0,0,0
20240212232239,80,1,42,-1,0,2,-1,0,0,0,-1
20240301240617,64,3,34,-1,0,2,-1,0,0,0,-1
20240301240753,85,4,41,2,0,2,-1,60,0,0,0
20240301240798,85,1,33,-1,0,2,-1,61,43,0,-1
20240301240857,78,3,33,-1,0,3,-1,0,0,0,-1
20240301240857,80,4,34,5,0,4,-1,0,0,0,0
20240301241000,76,4,33,30,0,5,-1,0,0,0,0
20240301241000,64,4,39,12,0,6,-1,0,0,0,0
20240301241000,76,4,40,12,0,7,-1,0,0,0,0
20240301241066,56,4,33,4,0,4,-1,0,0,0,0
20240301241070,85,4,33,7,0,3,-1,60,0,0,0
20240301241086,85,3,38,-1,0,3,-1,60,0,0,-1
20240301241517,73,1,34,-1,0,4,-1,0,0,0,-1
20240301241517,68,1,33,-1,0,5,-1,0,0,0,-1
20240301241681,49,1,42,-1,0,4,-1,0,0,0,-1
20240301241723,85,4,33,6,0,2,-1,60,0,0,0
20240301241727,79,4,33,2,0,3,-1,0,0,0,0
20240301241727,79,4,34,2,0,4,-1,0,0,0,0
20240301241729,85,2,47,-1,0,3,-1,60,0,0,-1
20240301241729,85,2,48,-1,0,4,-1,60,0,0,-1
20240301242048,80,4,33,4,0,4,-1,60,0,0,0
20240301242048,80,4,34,2,0,5,-1,60,0,0,0
20240301242048,78,4,39,2,0,6,-1,0,0,0,0
20240301242048,79,4,40,3,0,7,-1,0,0,0,0
20240301242200,85,4,34,4,0,3,-1,60,0,0,0
20240301242388,53,4,43,15,0,3,-1,0,0,0,0
20240301242388,75,1,43,-1,0,4,-1,0,0,0,-1
20240301242388,75,1,43,-1,0,5,-1,0,0,0,-1
20240301242388,79,3,43,-1,0,6,-1,0,0,0,-1
20240302240007,85,4,33,6,0,3,-1,60,0,0,0
20240302240047,78,1,39,-1,0,5,-1,0,0,0,-1
20240302240134,52,4,24,8,1,2,2,0,0,0,0
20240302240260,80,1,48,-1,0,5,-1,60,0,0,-1
20240302240260,85,4,44,2,0,6,-1,60,0,0,0
20240302240507,80,1,44,-1,0,2,-1,0,0,0,-1
20240302240508,85,2,49,-1,0,3,-1,60,0,0,-1
20240302240513,75,3,33,-1,0,5,-1,0,0,0,-1
20240302240513,74,3,34,-1,0,6,-1,0,0,0,-1
20240302240519,80,4,21,2,1,2,2,0,0,0,0
20240302240520,80,4,20,2,1,2,2,0,0,0,0
20240302240525,85,4,34,4,0,4,-1,60,0,0,0
20240302240547,56,4,49,5,0,4,-1,0,0,0,0
20240302240547,56,4,49,5,0,5,-1,0,0,0,0
20240302240553,80,1,20,-1,1,2,2,0,0,0,-1
20240302240596,70,4,38,7,0,3,-1,0,0,0,0
20240302240640,75,2,43,-1,0,3,-1,0,0,0,-1
20240302240640,80,2,43,-1,0,4,-1,0,0,0,-1
20240302240640,85,4,43,2,0,5,-1,60,0,0,0
20240302240640,85,3,43,-1,0,6,-1,60,0,0,-1
20240302240650,85,4,20,7,1,2,2,0,0,0,0
20240302240684,85,4,40,2,0,3,-1,60,0,0,0
20240302240712,76,4,44,8,0,2,-1,0,0,0,41
20240302240721,70,2,38,-1,0,3,-1,0,0,0,-1
20240302240774,80,4,33,4,0,3,-1,0,0,0,0
20240302240774,80,4,34,4,0,4,-1,0,0,0,0
20240302240791,68,4,44,3,0,2,-1,0,0,0,0
20240302240798,80,4,44,2,0,3,-1,60,0,0,0
20240302240808,74,2,39,-1,0,3,-1,0,0,0,-1
20240302240858,85,4,39,2,0,3,-1,60,0,0,0
20240302240866,73,4,24,8,1,2,2,0,0,0,0
20240302240893,85,4,47,8,0,5,-1,61,0,0,0
20240302241017,73,1,43,-1,0,2,-1,0,0,0,-1
20240302241029,85,4,47,5,0,5,-1,60,0,0,0
20240302241029,85,4,48,5,0,6,-1,60,0,0,0
20240302241067,85,4,33,4,0,3,-1,60,0,0,0
20240302241067,65,4,38,10,0,4,-1,0,0,0,0
20240302241067,78,1,43,-1,0,5,-1,0,0,0,-1
20240302241109,72,3,43,-1,0,5,-1,0,0,0,-1
20240302241112,68,1,33,-1,0,4,-1,0,0,0,-1
20240302241112,66,1,34,-1,0,5,-1,0,0,0,-1
20240302241129,76,4,44,2,0,2,-1,0,0,0,0
20240302241129,78,4,44,2,0,3,-1,0,0,0,0
20240302241129,85,4,44,2,0,4,-1,0,0,0,0
20240302241135,80,2,43,-1,0,2,-1,60,0,0,-1
20240302241135,70,1,43,-1,0,3,-1,0,0,0,-1
20240302241137,85,4,39,4,0,4,-1,60,0,0,0
20240302241139,74,3,33,-1,0,5,-1,43,0,0,-1
20240302241167,85,4,33,10,0,3,-1,0,0,0,0
20240302241170,77,1,20,-1,1,2,2,0,0,0,-1
20240302241189,75,3,44,-1,0,2,-1,0,0,0,-1
20240302241189,70,4,43,3,0,3,-1,0,0,0,0
20240302241200,85,4,33,7,0,2,-1,60,0,0,0
20240302241252,55,3,33,-1,0,4,-1,0,0,0,-1
20240302241256,80,4,24,2,1,2,2,60,0,0,0
20240302241281,77,1,20,-1,1,2,2,0,0,0,-1
20240302241295,80,4,49,3,0,3,-1,60,0,0,0
20240302241314,85,4,47,12,0,2,-1,60,0,0,0
20240302241338,85,4,39,5,0,3,-1,60,0,0,0
20240302241356,72,4,33,3,0,2,-1,0,0,0,0
20240302241367,76,4,33,13,0,3,-1,0,0,0,0
20240302241409,85,4,47,3,0,3,-1,60,0,0,0
20240302241420,85,4,33,5,0,3,-1,60,0,0,0
20240302241436,76,4,44,2,0,3,-1,0,0,0,0
20240302241473,69,4,56,2,0,3,-1,0,0,0,0
20240302241473,65,4,56,5,0,4,-1,0,0,0,0
20240302241496,80,4,33,5,0,2,-1,60,0,0,0
20240302241500,75,4,43,2,0,3,-1,0,0,0,0
20240302241500,77,4,43,2,0,4,-1,0,0,0,0
20240302241533,85,2,33,-1,0,4,-1,60,0,0,-1
20240302241548,80,1,40,-1,0,3,-1,60,0,0,-1
20240302241548,80,1,39,-1,0,4,-1,0,0,0,-1
20240302241565,80,4,56,2,0,2,-1,60,0,0,0
20240302241565,69,4,56,2,0,3,-1,0,0,0,0
20240302241565,80,4,56,2,0,4,-1,60,0,0,0
20240302241565,80,4,56,2,0,5,-1,0,0,0,0
20240302241600,80,1,33,-1,0,3,-1,60,0,0,-1
20240302241600,76,4,39,6,0,4,-1,0,42,0,42
20240302241611,85,4,33,4,0,4,-1,60,0,0,0
20240302241629,80,4,34,2,0,3,-1,60,0,0,0
20240302241694,85,3,33,-1,0,2,-1,60,0,0,-1
20240302241756,80,2,33,-1,0,4,-1,60,0,0,-1
20240302241806,72,2,33,-1,0,2,-1,0,0,0,-1
20240302241823,85,3,20,-1,1,2,2,60,0,0,-1
20240302241852,85,4,33,3,0,3,-1,60,0,0,0
20240302241852,85,4,34,3,0,4,-1,60,0,0,0
20240302241876,85,1,33,-1,0,3,-1,60,0,0,-1
20240302241876,85,1,34,-1,0,4,-1,60,0,0,-1
20240302241881,85,4,33,4,0,3,-1,60,0,0,0
20240302241881,85,3,39,-1,0,4,-1,60,0,0,-1
20240302241881,85,3,40,-1,0,5,-1,60,0,0,-1
20240302241891,85,4,33,3,0,3,-1,60,0,0,0
20240302241905,80,4,39,15,0,4,-1,60,0,0,0
20240302241905,80,4,40,15,0,5,-1,60,0,0,0
20240302241949,60,4,21,3,1,2,2,0,0,0,0
20240302241950,79,4,34,12,0,4,-1,0,0,0,42
20240302241965,80,1,43,-1,0,3,-1,60,0,0,-1
20240302241983,71,4,33,10,0,3,-1,0,0,0,0
20240302241983,74,4,34,10,0,4,-1,0,0,0,0
20240302241984,78,4,20,20,1,2,2,0,0,0,0
20240302242025,75,1,33,-1,0,3,-1,0,0,0,-1
20240302242029,85,4,39,2,0,3,-1,60,0,0,0
20240302242029,85,4,40,2,0,4,-1,60,0,0,0
20240302242062,74,4,20,3,1,2,2,0,0,0,0
20240302242074,76,1,37,-1,0,3,-1,0,0,0,-1
20240302242074,78,4,43,3,0,4,-1,0,0,0,0
20240302242074,80,4,44,3,0,5,-1,60,0,0,0
20240302242076,85,4,33,1,0,3,-1,60,0,0,0
20240302242076,85,4,34,1,0,4,-1,60,0,0,0
20240302242078,71,4,20,18,1,3,3,0,0,0,0
20240302242110,85,4,33,3,0,3,-1,60,0,0,0
20240302242129,80,2,48,-1,0,4,-1,60,0,0,-1
20240302242146,85,4,24,4,1,2,2,60,0,0,0
20240302242166,68,1,56,-1,0,3,-1,0,0,0,-1
20240302242188,69,3,42,-1,0,3,-1,0,0,0,-1
20240302242199,76,4,39,10,0,3,-1,0,0,0,0
20240302242207,73,1,38,-1,0,3,-1,0,0,0,-1
20240302242214,85,4,33,6,0,2,-1,60,0,0,0
20240302242222,78,4,25,15,1,6,6,0,0,0,0
20240302242229,80,4,41,3,0,2,-1,60,0,0,0
20240302242229,80,4,42,3,0,3,-1,60,0,0,0
20240302242237,85,1,34,-1,0,3,-1,0,0,0,-1
20240302242264,74,4,39,3,0,4,-1,0,0,0,0
20240302242264,71,4,33,5,0,5,-1,0,0,0,0
20240302242264,75,3,34,-1,0,6,-1,0,0,0,-1
20240302242264,80,3,56,-1,0,7,-1,60,0,0,-1
20240302242371,85,2,34,-1,0,6,-1,60,0,0,-1
20240303240129,42,4,26,2,1,4,4,0,0,0,0
20240303240222,49,3,24,-1,1,2,2,0,0,0,-1
20240303240222,70,4,26,4,1,3,3,0,0,0,0
20240303240629,80,4,34,2,0,2,-1,60,0,0,0
20240303240647,85,4,34,2,0,3,-1,60,0,0,0
20240303240736,85,4,33,4,0,3,-1,60,0,0,0
20240303240802,85,4,39,1,0,3,-1,60,0,0,0
20240303240803,85,4,33,6,0,3,-1,60,0,0,0
20240303241055,85,4,24,8,1,2,2,60,0,0,0
20240303241055,80,4,24,8,1,3,3,60,0,0,0
20240303241119,80,4,33,4,0,5,-1,0,0,0,0
20240303241119,85,4,34,4,0,6,-1,60,0,0,0
20240303241208,79,2,40,-1,0,5,-1,0,0,0,-1
20240303241270,80,1,40,-1,0,3,-1,60,0,0,-1
20240303241371,85,4,47,5,0,6,-1,60,0,0,0
20240303241805,71,1,34,-1,0,6,-1,0,0,0,-1
20240303241817,69,4,49,10,0,2,-1,0,0,0,0
20240303241964,85,4,43,2,0,2,-1,60,0,0,0
20240303241971,79,4,33,5,0,2,-1,0,0,0,0
20240303241971,80,4,34,5,0,3,-1,60,0,0,0
20240303242018,85,4,43,5,0,2,-1,60,0,0,0
20240303242031,76,1,33,-1,0,3,-1,0,0,0,-1
20240303242278,72,4,24,1,1,2,2,0,0,0,0
20240303242320,80,4,39,3,0,3,-1,60,0,0,0
20240303242320,55,4,49,3,0,4,-1,0,0,0,0
20240312230786,67,1,34,-1,0,5,-1,0,0,0,-1
20240312231064,85,4,33,5,0,3,-1,60,0,0,0
20240312231810,85,4,26,2,1,3,3,0,0,0,0
20240401240793,85,4,43,6,0,2,-1,60,0,0,0
20240401241827,80,4,44,3,0,4,-1,60,0,0,0
20240402240565,67,4,24,15,1,2,2,0,0,0,0
20240402240565,85,4,26,1,1,3,3,0,0,0,0
20240402240803,85,4,44,7,0,2,-1,60,0,0,0
20240402240803,85,4,56,1,0,3,-1,60,0,0,0
20240402240803,77,4,56,4,0,4,-1,0,0,0,0
20240402241353,85,4,47,2,0,2,-1,60,0,0,0
20240402241572,64,1,20,-1,1,2,2,0,0,0,-1
20240402241581,78,4,33,2,0,3,-1,0,0,0,0
20240402241581,80,4,39,5,0,4,-1,0,0,0,0
20240402241728,80,4,33,4,0,4,-1,60,0,0,0
20240402241728,85,4,34,4,0,5,-1,60,0,0,0
20240402241741,80,1,34,-1,0,5,-1,60,0,0,-1
20240402242236,85,1,41,-1,0,3,-1,60,0,0,-1
20240403240029,77,4,47,5,0,4,-1,0,0,0,0
20240403240029,75,4,47,5,0,5,-1,42,0,0,0
20240403240035,74,3,44,-1,0,2,-1,0,0,0,-1
20240403240095,78,4,47,3,0,7,-1,0,0,0,0
20240403240095,80,4,48,3,0,8,-1,60,0,0,0
20240403240095,72,4,47,1,0,9,-1,0,0,0,0
20240403240095,75,4,48,1,0,10,-1,0,0,0,0
20240403240180,68,4,47,4,0,7,-1,0,0,0,0
20240403240187,45,1,43,-1,0,3,-1,0,0,0,-1
20240403240239,73,1,47,-1,0,5,-1,0,0,0,-1
20240403240511,78,4,38,7,0,2,-1,0,0,0,0
20240403240511,65,4,44,2,0,3,-1,0,0,0,0
20240403240550,85,4,33,3,0,3,-1,60,0,0,0
20240403240598,85,4,33,4,0,2,-1,0,0,0,0
20240403240623,74,4,20,4,1,2,2,0,0,0,0
20240403240640,77,1,33,-1,0,3,-1,0,0,0,-1
20240403240640,80,1,34,-1,0,4,-1,60,0,0,-1
20240403240655,85,4,56,5,0,2,-1,60,0,0,0
20240403240679,60,3,33,-1,0,5,-1,0,0,0,-1
20240403240689,63,3,39,-1,0,6,-1,0,0,0,-1
20240403240712,85,4,24,5,1,2,2,60,0,0,0
20240403240737,85,1,42,-1,0,3,-1,60,0,0,-1
20240403240789,80,2,43,-1,0,2,-1,60,0,0,-1
20240403240791,70,4,39,10,0,6,-1,0,0,0,0
20240403240791,72,4,40,10,0,7,-1,0,0,0,0
20240403240869,85,4,49,10,0,2,-1,60,0,0,0
20240403240874,75,2,38,-1,0,3,-1,0,0,0,-1
20240403240875,80,4,33,2,0,3,-1,60,0,0,0
20240403240875,80,3,41,-1,0,4,-1,60,0,0,-1
20240403240875,85,3,39,-1,0,5,-1,60,0,0,-1
20240403240905,73,2,37,-1,0,2,-1,0,0,0,-1
20240403240936,70,3,56,-1,0,3,-1,0,0,0,-1
20240403240936,70,3,56,-1,0,4,-1,0,0,0,-1
20240403240937,71,4,33,17,0,2,-1,0,0,0,0
20240403240941,85,1,39,-1,0,4,-1,60,0,0,-1
20240403240972,76,2,33,-1,0,2,-1,0,0,0,-1
20240403240990,59,4,38,3,0,2,-1,0,0,0,0
20240403240992,85,4,33,10,0,5,-1,0,0,0,0
20240403241000,60,4,33,4,0,2,-1,0,0,0,0
20240403241002,85,4,47,1,0,3,-1,0,0,0,0
20240403241004,80,4,47,10,0,3,-1,60,0,0,0
20240403241004,80,4,47,10,0,4,-1,60,0,0,0
20240403241074,80,4,33,5,0,3,-1,60,0,0,0
20240403241089,69,4,56,2,0,5,-1,0,0,0,0
20240403241089,80,4,43,2,0,6,-1,60,0,0,0
20240403241089,79,4,43,2,0,7,-1,0,0,0,0
20240403241089,65,3,43,-1,0,8,-1,0,0,0,-1
20240403241089,69,4,43,2,0,9,-1,0,0,0,0
20240403241126,75,4,24,10,1,2,2,0,0,0,0
20240403241126,77,4,24,10,1,3,3,0,0,0,0
20240403241142,80,1,34,-1,0,6,-1,60,0,0,-1
20240403241161,80,4,44,1,0,3,-1,60,0,0,0
20240403241191,73,1,49,-1,0,4,-1,0,0,0,-1
20240403241222,85,4,33,5,0,2,-1,60,0,0,0
20240403241232,85,4,20,2,1,2,2,0,0,0,42
20240403241246,80,4,34,3,0,3,-1,60,0,0,0
20240403241246,85,4,39,10,0,4,-1,0,0,0,0
20240403241251,79,4,49,3,0,3,-1,0,0,0,0
20240403241268,80,3,56,-1,0,5,-1,60,0,0,-1
20240403241286,75,4,33,2,0,3,-1,0,0,0,0
20240403241288,80,4,33,5,0,2,-1,60,0,0,0
20240403241288,80,4,34,5,0,3,-1,60,0,0,0
20240403241335,85,4,56,4,0,3,-1,60,0,0,0
20240403241335,85,4,56,4,0,4,-1,60,0,0,0
20240403241429,85,3,33,-1,0,3,-1,60,0,0,-1
20240403241467,85,1,39,-1,0,3,-1,43,43,43,-1
20240403241469,85,4,34,7,0,3,-1,60,0,0,0
20240403241475,71,2,47,-1,0,4,-1,0,0,0,-1
20240403241475,72,2,48,-1,0,5,-1,0,0,0,-1
20240403241483,77,4,33,2,0,4,-1,0,0,0,0
20240403241531,72,1,39,-1,0,5,-1,0,0,0,-1
20240403241541,85,4,41,3,0,2,-1,60,0,0,0
20240403241582,85,4,33,2,0,2,-1,60,0,0,42
20240403241585,70,4,20,2,1,2,2,0,0,0,0
20240403241599,61,4,39,4,0,5,-1,0,0,0,0
20240403241600,85,4,33,5,0,2,-1,0,0,0,0
20240403241609,80,4,39,8,0,5,-1,0,0,0,0
20240403241718,57,1,33,-1,0,3,-1,0,0,0,-1
20240403241730,74,4,33,3,0,4,-1,0,0,0,0
20240403241748,80,4,33,2,0,3,-1,60,0,0,0
20240403241802,71,4,33,15,0,2,-1,0,0,0,0
20240403241802,78,4,42,2,0,3,-1,0,0,0,0
20240403241825,85,4,34,6,0,3,-1,60,0,0,0
20240403241872,80,4,33,8,0,2,-1,60,0,0,0
20240403241942,85,4,47,12,0,5,-1,60,0,0,0
20240403242009,85,4,39,2,0,3,-1,0,0,0,42
20240403242009,85,4,40,2,0,4,-1,60,0,0,42
20240403242036,80,4,33,5,0,3,-1,60,0,0,0
20240403242039,64,4,33,5,0,4,-1,0,0,0,0
20240403242039,66,3,40,-1,0,5,-1,0,0,0,-1
20240403242064,85,4,39,19,0,3,-1,60,0,0,0
20240403242071,73,4,20,5,1,2,2,0,0,0,0
20240403242099,75,2,43,-1,0,2,-1,0,0,0,-1
20240403242106,85,4,20,4,1,2,2,0,0,0,0
20240403242143,85,4,39,4,0,4,-1,60,0,0,0
20240403242151,85,4,39,9,0,3,-1,60,0,0,0
20240403242153,77,4,37,6,0,2,-1,0,0,0,0
20240403242165,74,4,43,2,0,3,-1,0,0,0,0
20240403242187,85,4,33,12,0,2,-1,60,0,0,0
20240403242252,60,4,33,2,0,6,-1,0,0,0,0
20240403242252,61,4,34,2,0,7,-1,0,0,0,0
20240403242272,80,3,43,-1,0,2,-1,60,0,0,-1
20240404240121,80,4,44,4,0,5,-1,60,0,0,0
20240404240121,75,4,44,4,0,6,-1,0,0,0,0
20240404240816,67,2,33,-1,0,3,-1,0,0,0,-1
20240404240824,66,4,33,3,0,5,-1,0,0,0,0
20240404240865,80,4,33,2,0,3,-1,60,0,0,0
20240404240867,77,4,56,1,0,5,-1,0,0,0,0
20240404240867,80,4,56,1,0,6,-1,0,0,0,0
20240404240867,85,4,56,1,0,7,-1,60,0,0,0
20240404240870,80,4,33,3,0,2,-1,60,0,0,0
20240404240973,80,4,40,5,0,4,-1,0,0,0,0
20240404240996,70,4,47,10,0,2,-1,0,0,0,0
20240404241055,80,2,56,-1,0,2,-1,60,0,0,-1
20240404241141,76,4,26,23,1,4,4,0,0,0,0
20240404241252,66,1,43,-1,0,2,-1,0,0,0,-1
20240404241363,80,4,34,3,0,2,-1,60,0,0,0
20240404241367,85,4,24,20,1,2,2,0,0,0,0
20240404241402,85,4,33,7,0,2,-1,60,0,0,0
20240404241542,77,4,20,2,1,2,2,0,0,0,0
20240404241628,85,1,33,-1,0,3,-1,60,0,0,-1
20240404241760,85,2,20,-1,1,2,2,0,0,0,-1
20240404241801,51,1,36,-1,0,4,-1,0,0,0,-1
20240404241853,62,3,38,-1,0,3,-1,0,0,0,-1
20240404241854,85,4,33,6,0,2,-1,60,0,0,0
20240404241854,85,4,39,1,0,3,-1,60,0,0,0
20240404241855,71,3,33,-1,0,3,-1,0,0,0,-1
20240404241923,65,2,24,-1,1,2,2,0,0,0,-1
20240404241930,78,4,44,27,0,3,-1,0,0,0,0
20240404241930,63,4,38,5,0,4,-1,0,0,0,0
20240404241930,60,4,37,10,0,5,-1,0,0,0,0
20240404241930,78,4,44,10,0,6,-1,0,0,0,0
20240404241934,78,2,20,-1,1,2,2,0,0,0,-1
20240404241952,66,4,43,3,0,3,-1,0,0,0,0
20240404241969,85,4,34,4,0,2,-1,60,0,0,0
20240404242145,44,4,20,8,1,2,2,0,0,0,0
20240404242158,80,3,28,-1,1,2,2,0,0,0,-1
20240404242185,85,4,41,10,0,4,-1,60,0,0,0
20240502241564,80,3,20,-1,1,2,2,60,0,0,-1
20240502241890,80,3,43,-1,0,2,-1,60,0,0,-1
20240503240078,75,3,20,-1,1,2,2,0,0,0,-1
20240503240303,85,1,47,-1,0,6,-1,0,0,0,-1
20240503240667,85,4,43,5,0,4,-1,60,0,0,0
20240503240819,78,4,33,2,0,5,-1,0,0,0,0
20240503241154,85,3,33,-1,0,2,-1,0,0,0,-1
20240503241172,79,4,49,16,0,3,-1,0,0,0,0
20240503241207,85,1,41,-1,0,2,-1,60,0,0,-1
20240503241321,72,4,33,12,0,4,-1,0,0,0,0
20240503241321,69,1,41,-1,0,5,-1,0,0,0,-1
20240503241441,73,1,49,-1,0,4,-1,0,0,0,-1
20240503241441,85,4,26,1,1,3,3,0,0,0,0
20240503241590,69,4,33,8,0,3,-1,0,0,0,0
20240503241608,80,4,39,2,0,3,-1,60,0,0,0
20240503241608,85,4,40,2,0,4,-1,60,0,0,0
20240503241833,85,1,39,-1,0,5,-1,60,0,0,-1
20240503241835,80,4,39,2,0,3,-1,60,0,0,0
20240503241936,80,1,33,-1,0,3,-1,60,0,0,-1
20240503242010,76,4,20,1,1,2,2,0,0,0,0
20240503242092,76,4,24,15,1,2,2,0,0,0,0
20240503242092,75,4,24,10,1,3,3,0,0,0,0
20240503242108,80,4,33,3,0,4,-1,60,0,0,0
20240504240047,69,4,33,22,0,2,-1,0,0,0,0
20240504240059,85,4,33,20,0,3,-1,60,0,0,0
20240504240078,70,2,41,-1,0,8,-1,0,0,0,-1
20240504240167,47,3,24,-1,1,2,2,0,0,0,-1
20240504240559,74,4,37,2,0,2,-1,0,0,0,0
20240504240567,72,1,44,-1,0,2,-1,0,0,0,-1
20240504240586,76,4,33,2,0,3,-1,0,0,0,0
20240504240600,85,4,35,4,0,2,-1,60,0,0,0
20240504240601,66,4,34,5,0,2,-1,0,0,0,0
20240504240601,62,4,33,5,0,3,-1,0,0,0,0
20240504240604,76,4,20,2,1,2,2,0,0,0,0
20240504240606,85,4,43,7,0,2,-1,60,0,0,0
20240504240606,85,2,43,-1,0,3,-1,60,0,0,-1
20240504240611,77,3,43,-1,0,2,-1,0,0,0,-1
20240504240611,85,2,43,-1,0,3,-1,0,0,0,-1
20240504240611,60,1,43,-1,0,4,-1,0,0,0,-1
20240504240641,76,1,44,-1,0,3,-1,0,0,0,-1
20240504240669,70,4,44,2,0,7,-1,0,0,0,0
20240504240676,80,4,44,10,0,3,-1,60,0,0,0
20240504240723,78,4,38,2,0,3,-1,0,0,0,0
20240504240723,80,4,56,2,0,4,-1,0,0,0,0
20240504240760,69,4,33,4,0,2,-1,0,0,0,0
20240504240776,64,3,33,-1,0,6,-1,0,0,0,-1
20240504240776,68,3,34,-1,0,7,-1,0,0,0,-1
20240504240781,80,4,47,10,0,3,-1,60,0,0,0
20240504240797,72,2,33,-1,0,5,-1,0,0,0,-1
20240504240797,76,3,34,-1,0,6,-1,0,0,0,-1
20240504240797,67,4,39,3,0,7,-1,0,0,0,0
20240504240803,85,3,49,-1,0,6,-1,60,0,0,-1
20240504240829,67,2,24,-1,1,2,2,0,0,0,-1
20240504240847,75,2,20,-1,1,2,2,0,0,0,-1
20240504240860,79,2,34,-1,0,2,-1,0,0,0,-1
20240504240860,85,2,33,-1,0,3,-1,0,0,0,-1
20240504240886,72,4,34,1,0,4,-1,0,0,0,0
20240504240886,66,1,39,-1,0,5,-1,0,0,0,-1
20240504240886,68,1,40,-1,0,6,-1,0,0,0,-1
20240504240913,85,4,26,2,1,2,2,0,0,0,0
20240504240938,85,4,41,2,0,2,-1,60,0,0,0
20240504240948,65,4,34,2,0,3,-1,0,0,0,0
20240504240952,69,1,43,-1,0,2,-1,0,0,0,-1
20240504240952,85,4,43,2,0,3,-1,60,0,0,0
20240504241025,79,4,43,2,0,3,-1,0,0,0,0
20240504241057,80,4,34,20,0,4,-1,60,0,0,0
20240504241059,85,4,47,20,0,4,-1,60,0,0,0
20240504241080,85,1,33,-1,0,3,-1,60,0,0,-1
20240504241090,85,3,47,-1,0,3,-1,60,0,0,-1
20240504241135,85,4,33,2,0,3,-1,60,0,0,0
20240504241146,62,1,43,-1,0,2,-1,0,0,0,-1
20240504241192,67,4,37,10,0,3,-1,0,0,0,0
20240504241243,85,4,44,2,0,4,-1,60,0,0,0
20240504241301,80,4,44,2,0,2,-1,61,0,0,0
20240504241301,71,4,56,2,0,3,-1,42,0,0,0
20240504241342,85,1,39,-1,0,3,-1,60,0,0,-1
20240504241344,80,2,44,-1,0,5,-1,0,0,0,-1
20240504241387,76,4,20,2,1,2,2,0,0,0,0
20240504241449,80,4,33,2,0,4,-1,60,0,0,0
20240504241488,85,4,34,6,0,5,-1,60,0,0,0
20240504241490,72,4,49,4,0,2,-1,0,0,0,0
20240504241490,80,2,49,-1,0,3,-1,60,0,0,-1
20240504241507,71,4,43,2,0,2,-1,0,0,0,0
20240504241558,85,4,33,4,0,3,-1,0,0,0,0
20240504241569,77,4,25,2,1,6,6,0,0,0,0
20240504241573,77,2,38,-1,0,3,-1,0,0,0,-1
20240504241581,75,2,39,-1,0,5,-1,0,0,0,-1
20240504241596,80,1,43,-1,0,9,-1,60,0,0,-1
20240504241596,71,1,43,-1,0,10,-1,0,0,0,-1
20240504241609,76,4,21,2,1,2,2,0,0,0,0
20240504241623,85,2,33,-1,0,3,-1,60,0,0,-1
20240504241623,85,2,34,-1,0,4,-1,60,0,0,-1
20240504241683,80,4,33,4,0,2,-1,60,0,0,0
20240504241692,68,2,38,-1,0,3,-1,0,0,0,-1
20240504241692,63,4,21,2,1,2,2,0,0,0,0
20240504241734,85,4,33,3,0,3,-1,60,0,0,0
20240504241738,75,1,44,-1,0,3,-1,0,0,0,-1
20240504241740,66,4,20,18,1,2,2,0,0,0,0
20240504241758,68,4,33,3,0,6,-1,0,0,0,0
20240504241816,77,1,38,-1,0,3,-1,0,0,0,-1
20240504241822,80,4,43,5,0,3,-1,60,0,0,0
20240504241822,80,4,43,5,0,4,-1,60,0,0,0
20240504241835,85,3,20,-1,1,2,2,0,0,0,-1
20240504241876,73,4,33,3,0,6,-1,0,0,0,0
20240504241876,75,4,34,3,0,7,-1,0,0,0,0
20240504241882,79,4,20,1,1,2,2,0,0,0,0
20240504241891,70,4,33,2,0,5,-1,0,0,0,0
20240504241902,78,1,47,-1,0,3,-1,0,0,0,-1
20240504241909,75,4,43,2,0,4,-1,0,0,0,0
20240504241909,68,2,20,-1,1,2,2,0,0,0,-1
20240504241945,85,4,56,10,0,3,-1,60,0,0,0
20240504241945,85,4,56,10,0,4,-1,60,0,0,0
20240504242017,74,4,20,5,1,2,2,0,0,0,0
20240504242099,79,3,33,-1,0,3,-1,0,0,0,-1
20240504242104,75,4,43,4,0,3,-1,0,0,0,0
20240504242104,72,4,49,3,0,4,-1,0,0,0,0
20240504242113,85,4,33,5,0,4,-1,60,0,0,0
20240504242122,80,3,33,-1,0,3,-1,60,0,0,-1
20240504242122,80,3,34,-1,0,4,-1,60,0,0,-1
20240504242132,85,4,33,3,0,3,-1,60,0,0,0
20240504242146,79,4,56,2,0,4,-1,0,0,0,0
20240504242146,54,4,56,2,0,5,-1,0,0,0,0
20240504242150,67,4,20,8,1,2,2,0,0,0,0
20240504242198,85,4,33,10,0,2,-1,60,0,0,0
20240504242255,85,4,34,3,0,2,-1,60,0,0,0
20240504242262,79,1,33,-1,0,3,-1,0,0,0,-1
20240504242275,72,4,26,2,1,2,2,0,0,0,42
20240504242279,70,1,20,-1,1,2,2,0,0,0,-1
20240504242280,85,4,33,3,0,3,-1,60,0,0,0
20240504242285,80,4,33,4,0,3,-1,0,0,0,0
20240504242294,85,4,33,7,0,3,-1,60,0,0,0
20240504242301,80,4,33,20,0,5,-1,60,0,0,0
20240504242301,79,4,34,10,0,6,-1,0,0,0,0
20240504242350,85,4,33,30,0,3,-1,60,0,0,0
20240504242404,85,4,56,4,0,3,-1,60,0,0,0
20240505240645,80,4,56,15,0,3,-1,0,0,0,0
20240505240645,85,4,56,15,0,4,-1,0,0,0,0
20240505240645,73,4,56,40,0,5,-1,0,0,0,0
20240505240645,70,4,56,38,0,6,-1,0,0,0,0
20240505240645,80,4,56,8,0,7,-1,0,0,0,0
20240505240651,80,4,34,10,0,2,-1,60,0,0,0
20240505241047,79,4,38,2,0,3,-1,0,0,0,0
20240505241320,69,1,43,-1,0,3,-1,0,0,0,-1
20240505241372,79,4,20,11,1,2,2,0,0,0,0
20240505241396,85,1,44,-1,0,3,-1,60,0,0,-1
20240505242301,78,1,34,-1,0,4,-1,0,0,0,-1
20240505242347,77,4,39,10,0,5,-1,0,0,0,0
20240603242279,85,4,34,2,0,3,-1,60,0,0,0
20240604240646,85,4,33,10,0,3,-1,60,0,0,0
20240604240691,74,4,33,20,0,3,-1,0,0,0,0
20240604241032,63,4,34,3,0,4,-1,0,0,0,0
20240604241032,80,4,48,3,0,5,-1,60,0,0,0
20240604241032,80,4,47,5,0,6,-1,60,0,0,0
20240604241269,80,4,48,3,0,3,-1,60,0,0,0
20240604241357,85,4,33,2,0,3,-1,60,0,0,0
20240604241417,75,4,47,10,0,3,-1,0,0,0,0
20240604241417,75,4,48,10,0,4,-1,0,0,0,0
20240604241462,80,4,33,10,0,3,-1,60,0,0,0
20240604241467,74,4,39,3,0,3,-1,0,0,0,0
20240604241467,85,4,40,3,0,4,-1,0,0,0,0
20240604241501,59,3,33,-1,0,5,-1,0,0,0,-1
20240604241541,67,4,33,5,0,5,-1,0,0,0,0
20240604241541,69,4,34,25,0,6,-1,0,0,0,0
20240604241779,85,3,43,-1,0,3,-1,60,0,0,-1
20240604241793,85,4,33,10,0,3,-1,60,0,0,0
20240604241793,85,4,34,10,0,4,-1,60,0,0,0
20240604241796,79,3,43,-1,0,2,-1,0,0,0,-1
20240604241811,85,4,47,10,0,3,-1,0,0,0,0
20240604241811,85,4,48,10,0,4,-1,60,0,0,0
20240604241849,70,1,44,-1,0,3,-1,0,0,0,-1
20240604241897,73,1,20,-1,1,2,2,0,0,0,-1
20240604241922,64,1,37,-1,0,2,-1,0,0,0,-1
20240604241981,85,2,24,-1,1,3,3,60,0,0,-1
20240604242049,74,2,33,-1,0,3,-1,0,0,0,-1
20240604242089,79,1,33,-1,0,3,-1,0,0,0,-1
20240604242089,80,3,34,-1,0,4,-1,0,0,0,-1
20240604242154,85,4,40,3,0,4,-1,60,0,0,0
20240604242278,64,1,24,-1,1,3,3,0,0,0,-1
20240604242323,85,4,34,4,0,2,-1,60,0,0,0
20240604242328,76,4,20,2,1,2,2,0,0,0,0
20240604242400,85,4,38,2,0,3,-1,61,43,43,42
20240605240157,77,1,43,-1,0,7,-1,0,0,0,-1
20240605240162,85,4,47,3,0,5,-1,60,0,0,0
20240605240512,70,4,39,2,0,3,-1,0,0,0,0
20240605240518,85,1,33,-1,0,4,-1,60,0,0,-1
20240605240553,80,4,20,18,1,2,2,0,0,0,0
20240605240602,50,3,44,-1,0,5,-1,0,0,0,-1
20240605240602,72,3,43,-1,0,6,-1,42,0,0,-1
20240605240603,64,4,36,20,0,3,-1,0,0,0,0
20240605240613,70,3,43,-1,0,2,-1,0,0,0,-1
20240605240619,69,4,37,12,0,2,-1,0,0,0,0
20240605240640,72,4,34,3,0,2,-1,0,0,0,0
20240605240646,85,4,33,3,0,2,-1,60,0,0,0
20240605240647,85,4,24,2,1,3,3,0,0,0,0
20240605240670,85,4,43,1,0,2,-1,0,0,0,0
20240605240679,80,4,20,2,1,2,2,0,0,0,0
20240605240685,79,4,34,7,0,3,-1,0,0,0,0
20240605240712,71,1,20,-1,1,2,2,0,0,0,-1
20240605240752,74,4,20,10,1,2,2,0,0,0,0
20240605240760,72,4,20,15,1,2,2,0,0,0,0
20240605240778,79,1,38,-1,0,2,-1,0,0,0,-1
20240605240806,85,4,33,1,0,3,-1,60,0,0,0
20240605240819,77,3,34,-1,0,3,-1,0,0,0,-1
20240605240850,62,4,20,10,1,2,2,0,0,0,0
20240605240876,85,4,34,2,0,4,-1,60,0,0,0
20240605240893,78,4,39,4,0,6,-1,0,0,0,0
20240605240897,85,4,56,2,0,7,-1,60,0,0,0
20240605240897,85,4,56,2,0,8,-1,60,0,0,0
20240605240925,63,4,35,3,0,2,-1,0,0,0,0
20240605240934,79,4,20,3,1,2,2,0,0,0,0
20240605240946,76,3,34,-1,0,3,-1,0,0,0,-1
20240605240952,65,4,43,4,0,2,-1,0,0,0,0
20240605240952,65,4,56,5,0,3,-1,0,0,0,0
20240605240952,64,4,43,3,0,4,-1,0,0,0,0
20240605240965,85,2,34,-1,0,3,-1,60,0,0,-1
20240605240980,80,4,41,2,0,3,-1,60,0,0,0
20240605240993,71,4,49,2,0,3,-1,0,0,0,0
20240605240999,85,1,34,-1,0,2,-1,60,0,0,-1
20240605241015,85,4,44,7,0,3,-1,0,0,0,0
20240605241076,79,4,56,20,0,2,-1,0,0,0,0
20240605241076,72,2,44,-1,0,3,-1,0,0,0,-1
20240605241076,74,1,56,-1,0,4,-1,0,0,0,-1
20240605241077,76,2,20,-1,1,2,2,0,0,0,-1
20240605241084,85,4,33,5,0,3,-1,60,0,0,0
20240605241095,76,4,24,4,1,2,2,0,0,0,0
20240605241096,80,2,34,-1,0,8,-1,60,0,0,-1
20240605241096,80,4,39,5,0,9,-1,60,0,0,0
20240605241128,85,4,33,10,0,3,-1,60,0,0,0
20240605241134,80,1,20,-1,1,2,2,0,0,0,-1
20240605241159,85,2,24,-1,1,2,2,0,0,0,-1
20240605241199,67,1,38,-1,0,2,-1,0,0,0,-1
20240605241207,49,2,43,-1,0,2,-1,0,0,0,-1
20240605241207,35,2,43,-1,0,3,-1,0,0,0,-1
20240605241212,75,4,43,5,0,2,-1,0,0,0,0
20240605241269,80,3,20,-1,1,2,2,0,0,0,-1
20240605241277,85,1,38,-1,0,3,-1,60,0,0,-1
20240605241318,85,1,33,-1,0,2,-1,0,0,0,-1
20240605241341,80,3,33,-1,0,3,-1,60,0,0,-1
20240605241343,80,2,56,-1,0,2,-1,60,0,0,-1
20240605241368,85,1,47,-1,0,2,-1,60,0,0,-1
20240605241375,72,4,24,3,1,2,2,0,0,0,0
20240605241403,71,3,20,-1,1,2,2,0,0,0,-1
20240605241422,85,1,43,-1,0,2,-1,60,0,0,-1
20240605241450,73,4,26,4,1,5,5,0,0,0,0
20240605241450,70,4,26,4,1,6,6,0,0,0,0
20240605241539,73,1,43,-1,0,2,-1,0,0,0,-1
20240605241589,80,4,41,2,0,2,-1,60,0,0,0
20240605241665,80,4,38,10,0,3,-1,60,0,0,0
20240605241674,72,1,20,-1,1,2,2,0,0,0,-1
20240605241696,80,1,39,-1,0,5,-1,60,0,0,-1
20240605241727,70,3,33,-1,0,4,-1,0,0,0,-1
20240605241760,85,4,43,3,0,2,-1,60,0,0,0
20240605241769,85,4,33,3,0,3,-1,60,0,0,0
20240605241796,85,4,47,5,0,5,-1,60,0,0,0
20240605241812,80,4,39,2,0,4,-1,60,0,0,0
20240605241812,80,3,40,-1,0,5,-1,0,0,0,-1
20240605241892,74,4,33,3,0,3,-1,0,0,0,0
20240605241910,76,4,34,2,0,2,-1,0,0,0,0
20240605241914,85,4,44,1,0,3,-1,60,0,0,0
20240605241914,71,3,44,-1,0,4,-1,0,0,0,-1
20240605241934,80,4,24,5,1,2,2,0,0,0,0
20240605241934,61,4,25,5,1,3,3,0,0,0,0
20240605241961,85,4,33,15,0,3,-1,60,0,0,0
20240605241989,85,3,33,-1,0,3,-1,60,0,0,-1
20240605241993,68,4,34,1,0,3,-1,0,0,0,0
20240605242014,70,3,24,-1,1,2,2,0,0,0,-1
20240605242069,80,4,38,2,0,4,-1,60,0,0,0
20240605242069,80,1,37,-1,0,5,-1,60,0,0,-1
20240605242070,85,4,33,15,0,2,-1,60,0,0,0
20240605242071,85,4,33,3,0,3,-1,60,0,0,0
20240605242071,85,4,34,3,0,4,-1,60,0,0,0
20240605242074,58,4,33,9,0,3,-1,0,0,0,0
20240605242074,62,4,34,9,0,4,-1,0,0,0,0
20240605242084,80,4,34,2,0,3,-1,60,0,0,0
20240605242084,85,4,40,2,0,4,-1,0,0,0,0
20240605242091,85,4,33,4,0,4,-1,60,0,0,0
20240605242093,85,4,34,6,0,3,-1,60,0,0,0
20240605242094,79,1,49,-1,0,3,-1,0,0,0,-1
20240605242094,85,4,20,3,1,2,2,0,0,0,0
20240605242115,85,4,33,30,0,3,-1,60,0,0,0
20240605242180,85,4,33,15,0,3,-1,60,0,0,0
20240605242195,80,2,20,-1,1,2,2,0,0,0,-1
20240605242210,85,2,34,-1,0,8,-1,60,0,0,-1
20240605242210,85,2,33,-1,0,9,-1,60,0,0,-1
20240605242215,77,4,20,2,1,2,2,0,0,0,0
20240605242223,67,1,33,-1,0,5,-1,0,0,0,-1
20240605242223,67,1,34,-1,0,6,-1,0,0,0,-1
20240605242237,85,4,33,16,0,3,-1,60,0,0,0
20240605242270,62,1,33,-1,0,3,-1,0,0,0,-1
20240605242280,85,4,24,10,1,2,2,60,0,0,0
20240605242308,85,4,44,5,0,3,-1,60,0,0,0
20240605242309,85,2,41,-1,0,3,-1,60,0,0,-1
20240605242313,79,4,24,5,1,2,2,0,0,0,0
20240605242349,80,4,33,2,0,5,-1,60,0,0,0
20240605242349,80,2,34,-1,0,6,-1,60,0,0,-1
20240605242365,66,4,34,10,0,2,-1,0,0,0,0
20240606240156,71,4,47,3,0,4,-1,0,0,0,0
20240606240217,65,4,47,9,0,4,-1,0,0,0,0
20240606240217,66,4,48,3,0,5,-1,42,0,0,0
20240606240518,85,4,48,2,0,3,-1,0,0,0,0
20240606240528,80,4,39,2,0,7,-1,60,0,0,0
20240606240653,79,1,39,-1,0,3,-1,0,0,0,-1
20240606240715,67,1,33,-1,0,3,-1,0,0,0,-1
20240606240743,74,4,49,4,0,3,-1,0,0,0,0
20240606240772,85,4,34,7,0,6,-1,0,0,0,0
20240606240806,75,4,43,12,0,2,-1,0,0,0,0
20240606241164,77,3,33,-1,0,3,-1,0,0,0,-1
20240606241164,80,3,34,-1,0,4,-1,60,0,0,-1
20240606241497,85,4,39,6,0,3,-1,60,0,0,0
20240606241640,80,4,33,4,0,3,-1,60,0,0,0
20240606241854,80,4,43,5,0,2,-1,60,0,0,0
20240606242156,80,1,49,-1,0,4,-1,60,0,0,-1
20240606242156,85,1,37,-1,0,5,-1,60,0,0,-1
20240606242252,85,4,47,5,0,5,-1,60,0,0,0
20240606242342,61,4,20,2,1,2,2,0,0,0,42
20240606242361,80,4,33,3,0,4,-1,60,0,0,0
20240606242361,80,4,34,5,0,5,-1,60,0,0,0
20240705240632,85,4,38,4,0,3,-1,60,0,0,0
20240705240944,85,3,34,-1,0,4,-1,60,0,0,-1
20240705240982,80,4,24,5,1,2,2,0,0,0,0
20240705240982,80,4,24,5,1,3,3,0,0,0,0
20240705241019,67,4,24,5,1,2,2,0,0,0,0
20240705241116,85,2,33,-1,0,3,-1,60,0,0,-1
20240705241116,85,2,34,-1,0,4,-1,60,0,0,-1
20240705241244,77,2,48,-1,0,6,-1,0,0,0,-1
20240705241244,50,4,33,2,0,7,-1,0,0,0,0
20240705241290,85,4,24,15,1,2,2,0,0,0,0
20240705241360,71,2,49,-1,0,3,-1,0,0,0,-1
20240705241366,57,1,34,-1,0,4,-1,0,0,0,-1
20240705241404,85,4,44,10,0,3,-1,60,0,0,0
20240705241621,77,4,33,3,0,8,-1,0,0,0,0
20240705241621,79,4,34,3,0,9,-1,0,0,0,0
20240705241698,66,3,33,-1,0,3,-1,0,0,0,-1
20240705241698,85,3,47,-1,0,4,-1,60,0,0,-1
20240705241963,74,4,33,2,0,7,-1,0,0,0,0
20240705242264,85,4,34,6,0,4,-1,60,0,0,0
20240705242264,85,4,33,3,0,5,-1,60,0,0,0
20240705242317,75,2,20,-1,1,2,2,0,0,0,-1
20240705242337,76,3,49,-1,0,3,-1,0,0,0,-1
20240706240036,80,4,38,3,0,2,-1,60,0,0,0
20240706240100,80,1,47,-1,0,4,-1,61,0,0,-1
20240706240188,74,4,47,3,0,6,-1,0,0,0,0
20240706240264,85,4,48,2,0,3,-1,0,0,0,0
20240706240515,71,1,43,-1,0,6,-1,0,0,0,-1
20240706240539,72,4,33,5,0,3,-1,0,0,0,0
20240706240588,69,4,20,5,1,2,2,0,0,0,0
20240706240611,80,4,33,3,0,3,-1,60,0,0,0
20240706240614,85,4,33,10,0,2,-1,60,0,0,0
20240706240668,74,4,38,10,0,4,-1,0,0,0,0
20240706240744,85,4,38,7,0,2,-1,60,0,0,0
20240706240745,73,1,33,-1,0,6,-1,0,0,0,-1
20240706240752,79,4,56,2,0,2,-1,42,0,0,0
20240706240752,61,4,56,2,0,3,-1,42,0,0,0
20240706240753,85,4,24,4,1,2,2,0,0,0,0
20240706240758,80,4,43,3,0,3,-1,60,0,0,0
20240706240758,80,3,20,-1,1,2,2,0,0,0,-1
20240706240787,70,4,20,10,1,2,2,0,0,0,0
20240706240794,80,4,33,2,0,3,-1,60,0,0,0
20240706240794,80,4,34,2,0,4,-1,60,0,0,0
20240706240810,54,3,49,-1,0,3,-1,0,0,0,-1
20240706240810,58,3,20,-1,1,2,2,0,0,0,-1
20240706240817,60,1,49,-1,0,2,-1,0,0,0,-1
20240706240895,85,4,34,2,0,4,-1,60,0,0,0
20240706240895,85,4,43,2,0,5,-1,60,0,0,0
20240706240921,75,2,43,-1,0,2,-1,0,0,0,-1
20240706240974,85,1,24,-1,1,2,2,0,0,0,-1
20240706241043,74,3,33,-1,0,3,-1,0,0,0,-1
20240706241043,72,3,34,-1,0,4,-1,0,0,0,-1
20240706241052,85,4,47,10,0,7,-1,60,0,0,0
20240706241071,77,4,33,8,0,5,-1,0,0,0,0
20240706241075,76,3,43,-1,0,3,-1,0,0,0,-1
20240706241075,70,4,20,15,1,2,2,0,0,0,0
20240706241104,85,3,20,-1,1,2,2,0,0,0,-1
20240706241187,66,4,43,2,0,2,-1,0,0,0,0
20240706241188,74,3,33,-1,0,2,-1,0,0,0,-1
20240706241198,72,4,43,1,0,3,-1,0,0,0,0
20240706241200,85,4,33,2,0,8,-1,60,0,0,0
20240706241251,57,4,33,20,0,2,-1,0,0,0,0
20240706241251,73,4,47,3,0,3,-1,0,0,0,0
20240706241279,85,4,39,6,0,4,-1,60,0,0,0
20240706241288,75,1,43,-1,0,3,-1,0,0,0,-1
20240706241338,85,3,41,-1,0,3,-1,60,0,0,-1
20240706241351,79,4,33,7,0,5,-1,0,0,0,0
20240706241373,85,4,39,3,0,4,-1,60,0,0,0
20240706241373,85,4,40,3,0,5,-1,60,0,0,0
20240706241396,85,4,49,10,0,7,-1,60,0,0,0
20240706241396,85,4,49,10,0,8,-1,60,0,0,0
20240706241396,60,4,26,5,1,6,6,0,0,0,0
20240706241401,72,4,33,20,0,2,-1,0,0,0,0
20240706241405,71,1,20,-1,1,2,2,0,0,0,-1
20240706241452,64,4,44,4,0,3,-1,0,0,0,0
20240706241452,71,4,20,11,1,2,2,0,0,0,0
20240706241461,85,3,37,-1,0,2,-1,60,0,0,-1
20240706241516,80,4,20,10,1,2,2,0,0,0,0
20240706241519,74,4,33,1,0,3,-1,0,0,0,0
20240706241529,73,4,43,5,0,3,-1,0,0,0,0
20240706241533,71,1,20,-1,1,2,2,0,0,0,-1
20240706241545,80,4,47,3,0,2,-1,60,0,0,0
20240706241576,80,1,40,-1,0,3,-1,60,0,0,-1
20240706241584,80,4,24,6,1,2,2,0,0,0,0
20240706241584,80,4,24,6,1,3,3,0,0,0,0
20240706241593,70,4,33,7,0,2,-1,0,0,0,0
20240706241598,85,4,33,8,0,3,-1,60,0,0,0
20240706241608,85,4,34,5,0,2,-1,60,0,0,0
20240706241608,79,4,49,11,0,3,-1,0,0,0,0
20240706241608,65,4,38,2,0,4,-1,0,0,0,0
20240706241623,75,4,20,2,1,2,2,0,0,0,0
20240706241644,85,4,33,5,0,2,-1,60,0,0,0
20240706241693,80,4,33,5,0,2,-1,60,0,0,0
20240706241697,70,1,34,-1,0,4,-1,0,0,0,-1
20240706241699,66,1,44,-1,0,2,-1,0,0,0,-1
20240706241699,68,4,43,1,0,3,-1,0,0,0,0
20240706241882,74,4,25,3,1,2,2,0,0,0,0
20240706241894,85,4,43,5,0,2,-1,60,0,0,0
20240706241898,73,1,39,-1,0,3,-1,0,0,0,-1
20240706241898,72,1,40,-1,0,4,-1,0,0,0,-1
20240706241937,76,4,33,6,0,3,-1,0,0,0,0
20240706242005,63,4,20,2,1,2,2,0,0,0,0
20240706242006,85,4,33,3,0,3,-1,60,0,0,0
20240706242006,80,4,39,3,0,4,-1,60,0,0,0
20240706242131,75,3,43,-1,0,2,-1,0,0,0,-1
20240706242131,80,3,43,-1,0,3,-1,0,0,0,-1
20240706242131,77,3,43,-1,0,4,-1,42,0,0,-1
20240706242131,80,3,43,-1,0,5,-1,0,0,0,-1
20240706242131,80,3,43,-1,0,6,-1,0,0,0,-1
20240706242132,77,3,38,-1,0,3,-1,0,0,0,-1
20240706242145,80,1,43,-1,0,3,-1,60,0,0,-1
20240706242145,77,1,43,-1,0,4,-1,0,0,0,-1
20240706242149,78,1,43,-1,0,3,-1,0,0,0,-1
20240706242149,80,4,20,15,1,2,2,0,0,0,0
20240706242164,85,1,44,-1,0,3,-1,60,0,0,-1
20240706242193,80,2,33,-1,0,2,-1,0,0,0,-1
20240706242233,75,4,43,5,0,3,-1,0,0,0,0
20240706242233,80,2,43,-1,0,4,-1,60,0,0,-1
20240706242251,85,4,34,2,0,4,-1,60,42,0,42
20240706242264,63,4,28,10,1,2,2,0,0,0,0
20240706242271,78,3,49,-1,0,2,-1,0,0,0,-1
20240706242280,85,4,20,3,1,2,2,0,0,0,0
20240706242289,80,2,20,-1,1,2,2,0,0,0,-1
20240706242389,80,2,44,-1,0,3,-1,60,0,0,-1
20240706242389,85,2,44,-1,0,4,-1,60,0,0,-1
20240707240091,75,2,56,-1,0,3,-1,0,0,0,-1
20240707240178,70,4,47,1,0,5,-1,0,0,0,0
20240707240200,85,4,47,2,0,5,-1,60,0,0,0
20240707240746,85,1,41,-1,0,3,-1,60,0,0,-1
20240707240781,74,4,20,3,1,2,2,0,0,0,0
20240707240818,67,1,56,-1,0,3,-1,0,0,0,-1
20240707241161,77,1,38,-1,0,2,-1,0,0,0,-1
20240707241161,69,1,43,-1,0,3,-1,0,0,0,-1
20240707241317,85,4,24,6,1,2,2,0,0,0,0
20240707241601,85,4,47,6,0,3,-1,0,0,0,0
20240707241665,68,4,33,2,0,4,-1,0,0,0,0
20240707241763,76,1,47,-1,0,3,-1,0,0,0,-1
20240707241985,85,4,33,14,0,3,-1,60,0,0,0
20240707242053,78,4,33,17,0,6,-1,0,0,0,0
20240707242053,80,4,34,6,0,7,-1,60,0,0,0
20240707242121,80,3,38,-1,0,2,-1,0,0,0,-1
20240707242160,78,4,33,13,0,3,-1,0,0,0,0
20240707242160,80,4,34,7,0,4,-1,0,0,0,0
20240707242170,85,4,33,2,0,5,-1,0,0,0,0
20240707242210,76,3,33,-1,0,4,-1,0,0,0,-1
20240707242210,80,3,34,-1,0,5,-1,0,0,0,-1
20240707242273,63,4,20,6,1,2,2,0,0,0,0
20240707242298,85,4,33,20,0,2,-1,60,0,0,0
20240805241100,72,4,24,4,1,2,2,0,0,0,0
20240805241175,63,4,38,5,0,3,-1,0,0,0,0
20240805241175,85,4,39,5,0,4,-1,60,0,0,0
20240805241861,85,2,44,-1,0,2,-1,60,0,0,-1
20240805241861,85,1,44,-1,0,3,-1,60,0,0,-1
20240805241861,80,1,44,-1,0,4,-1,60,0,0,-1
20240806240620,85,1,56,-1,0,3,-1,60,0,0,-1
20240806240620,85,1,33,-1,0,4,-1,60,0,0,-1
20240806240765,76,1,33,-1,0,4,-1,0,0,0,-1
20240806240765,78,1,34,-1,0,5,-1,0,0,0,-1
20240806241027,80,4,33,35,0,3,-1,60,0,0,0
20240806241786,79,4,43,2,0,3,-1,0,0,0,0
20240806241786,85,4,43,3,0,4,-1,60,0,0,0
20240806241885,73,4,30,5,1,2,2,0,0,0,0
20240806242166,85,4,20,2,1,2,2,0,0,0,0
20240806242195,80,4,24,10,1,3,3,0,0,0,0
20240806242253,85,2,34,-1,0,3,-1,60,0,0,-1
20240807240279,76,3,47,-1,0,3,-1,0,0,0,-1
20240807240279,80,4,48,5,0,4,-1,60,0,0,0
20240807240525,66,4,49,10,0,3,-1,0,0,0,0
20240807240558,66,4,37,2,0,3,-1,0,0,0,0
20240807240558,85,4,33,4,0,4,-1,60,0,0,0
20240807240560,68,1,43,-1,0,2,-1,0,0,0,-1
20240807240585,85,2,44,-1,0,5,-1,60,0,0,-1
20240807240593,85,2,33,-1,0,2,-1,60,0,0,-1
20240807240608,85,4,33,5,0,4,-1,0,0,0,0
20240807240610,73,1,34,-1,0,5,-1,0,0,0,-1
20240807240654,63,4,43,17,0,2,-1,0,0,0,0
20240807240663,85,1,34,-1,0,3,-1,60,0,0,-1
20240807240666,66,2,24,-1,1,5,5,0,0,0,-1
20240807240707,73,1,34,-1,0,4,-1,0,0,0,-1
20240807240712,85,4,33,3,0,3,-1,60,0,0,0
20240807240755,75,4,43,2,0,3,-1,0,0,0,42
20240807240755,75,4,43,2,0,4,-1,0,0,0,42
20240807240755,75,4,43,2,0,5,-1,0,0,0,42
20240807240755,75,4,43,2,0,6,-1,0,0,0,42
20240807240755,75,4,43,2,0,7,-1,0,0,0,42
20240807240757,85,4,33,4,0,3,-1,60,0,0,0
20240807240757,69,2,43,-1,0,4,-1,0,0,0,-1
20240807240758,76,1,34,-1,0,5,-1,0,0,0,-1
20240807240804,70,4,20,1,1,2,2,0,0,0,0
20240807240817,75,1,44,-1,0,2,-1,0,0,0,-1
20240807240817,70,1,44,-1,0,3,-1,0,0,0,-1
20240807240817,67,4,44,1,0,4,-1,0,0,0,0
20240807240817,60,1,44,-1,0,5,-1,0,0,0,-1
20240807240844,67,4,56,4,0,3,-1,0,0,0,0
20240807240889,46,4,20,2,1,2,2,0,0,0,0
20240807240973,69,4,39,3,0,6,-1,0,0,0,0
20240807240973,68,4,40,3,0,7,-1,0,0,0,0
20240807241006,85,4,33,5,0,7,-1,60,0,0,0
20240807241181,80,3,33,-1,0,3,-1,60,0,0,-1
20240807241181,76,3,41,-1,0,4,-1,0,0,0,-1
20240807241183,85,4,47,5,0,2,-1,60,0,0,0
20240807241183,85,4,48,5,0,3,-1,60,0,0,0
20240807241200,85,4,48,9,0,3,-1,60,0,0,0
20240807241207,80,4,44,3,0,2,-1,61,0,0,0
20240807241211,64,3,28,-1,1,2,2,0,0,0,-1
20240807241263,80,4,24,3,1,3,3,0,0,0,0
20240807241288,80,4,34,4,0,2,-1,60,0,0,0
20240807241292,85,4,33,4,0,3,-1,60,0,0,0
20240807241301,85,1,39,-1,0,4,-1,60,0,0,-1
20240807241355,85,4,33,2,0,3,-1,60,0,0,0
20240807241355,85,4,34,2,0,4,-1,60,0,0,0
20240807241392,80,2,20,-1,1,2,2,0,0,0,-1
20240807241411,85,3,39,-1,0,3,-1,60,0,0,-1
20240807241444,77,1,20,-1,1,2,2,0,0,0,-1
20240807241446,85,4,41,30,0,3,-1,60,0,0,0
20240807241481,85,4,33,7,0,3,-1,60,0,0,0
20240807241542,69,1,34,-1,0,2,-1,0,0,0,-1
20240807241542,67,1,33,-1,0,3,-1,0,0,0,-1
20240807241579,80,4,20,18,1,2,2,0,0,0,0
20240807241580,72,4,20,4,1,2,2,0,0,0,0
20240807241644,68,4,33,3,0,6,-1,0,42,0,42
20240807241644,73,4,34,4,0,7,-1,0,42,0,42
20240807241660,78,3,48,-1,0,3,-1,0,0,0,-1
20240807241666,80,2,33,-1,0,3,-1,60,0,0,-1
20240807241713,56,3,38,-1,0,6,-1,0,0,0,-1
20240807241713,79,4,24,2,1,2,2,0,0,0,0
20240807241837,80,4,47,4,0,3,-1,60,0,0,0
20240807241904,65,4,20,40,1,2,2,0,0,0,0
20240807241940,71,4,43,6,0,3,-1,0,0,0,0
20240807241951,77,4,39,2,0,2,-1,0,0,0,0
20240807241958,85,4,44,13,0,3,-1,60,0,0,0
20240807241963,80,4,43,2,0,4,-1,60,0,0,0
20240807241966,80,4,34,9,0,3,-1,60,0,0,0
20240807241966,80,4,39,2,0,4,-1,60,0,0,0
20240807241978,80,4,56,8,0,2,-1,0,0,0,0
20240807242010,70,3,33,-1,0,5,-1,0,0,0,-1
20240807242010,72,3,34,-1,0,6,-1,0,0,0,-1
20240807242029,75,4,44,8,0,2,-1,0,0,0,0
20240807242029,60,3,44,-1,0,3,-1,0,0,0,-1
20240807242029,65,4,44,2,0,4,-1,0,0,0,0
20240807242029,66,4,37,10,0,5,-1,0,0,0,0
20240807242036,85,4,33,15,0,2,-1,0,0,0,0
20240807242036,22,4,49,18,0,3,-1,0,0,0,0
20240807242060,73,4,20,6,1,2,2,0,0,0,0
20240807242100,85,3,40,-1,0,3,-1,60,0,0,-1
20240807242100,85,1,41,-1,0,4,-1,60,0,0,-1
20240807242173,85,4,26,4,1,6,6,0,0,0,0
20240807242180,69,4,43,3,0,5,-1,0,0,0,0
20240807242207,80,3,20,-1,1,2,2,0,0,0,-1
20240807242215,80,4,34,6,0,2,-1,60,0,0,0
20240807242237,69,4,33,3,0,2,-1,0,0,0,0
20240807242237,65,4,34,3,0,3,-1,0,0,0,0
20240807242323,80,4,44,5,0,5,-1,61,0,0,0
20240807242324,70,4,43,7,0,4,-1,0,0,0,0
20240807242326,79,4,34,2,0,5,-1,0,0,0,0
20240807242326,76,4,33,2,0,6,-1,0,0,0,0
20240807242341,85,2,24,-1,1,2,2,60,0,0,-1
20240807242361,85,3,20,-1,1,2,2,0,0,0,-1
20240807242379,69,2,24,-1,1,2,2,0,0,0,-1
20240808240012,85,4,39,7,0,3,-1,60,0,0,0
20240808240052,69,4,20,5,1,2,2,0,0,0,0
20240808240624,85,1,33,-1,0,2,-1,60,0,0,-1
20240808240624,69,4,34,3,0,3,-1,43,43,0,42
20240808240737,85,4,20,3,1,2,2,0,0,0,0
20240808240778,85,4,41,2,0,3,-1,60,0,0,0
20240808240876,80,1,47,-1,0,4,-1,0,0,0,-1
20240808240884,80,3,38,-1,0,2,-1,0,0,0,-1
20240808240945,85,4,33,3,0,2,-1,60,0,0,0
20240808240952,80,4,47,2,0,7,-1,0,0,0,0
20240808240985,75,1,34,-1,0,2,-1,0,0,0,-1
20240808241020,67,4,43,3,0,2,-1,0,0,0,0
20240808241089,80,4,20,5,1,2,2,0,0,0,0
20240808241508,69,4,33,5,0,4,-1,0,0,0,0
20240808241552,71,4,24,5,1,2,2,0,0,0,0
20240808241567,85,4,34,4,0,3,-1,60,0,0,0
20240808241567,67,1,38,-1,0,4,-1,0,0,0,-1
20240808241704,80,4,41,20,0,4,-1,60,0,0,0
20240808241965,69,3,43,-1,0,2,-1,0,0,0,-1
20240808241986,59,4,33,2,0,3,-1,0,0,0,0
20240808242274,75,4,44,2,0,6,-1,0,0,0,0
20240906240734,65,4,20,39,1,2,2,0,0,0,0
20240906241286,85,2,34,-1,0,3,-1,60,0,0,-1
20240906241286,80,2,33,-1,0,4,-1,60,0,0,-1
20240907240074,76,3,20,-1,1,2,2,0,0,0,-1
20240907240968,75,4,33,2,0,4,-1,0,0,0,0
20240907240968,76,4,34,2,0,5,-1,0,0,0,0
20240907241225,58,1,33,-1,0,3,-1,0,0,0,-1
20240907241280,80,1,33,-1,0,4,-1,60,0,0,-1
20240907241454,78,4,33,5,0,3,-1,0,0,0,0
20240907241497,65,4,33,5,0,3,-1,0,0,0,0
20240907241518,75,4,33,5,0,5,-1,0,0,0,0
20240907241518,75,4,34,5,0,6,-1,0,0,0,0
20240907242066,85,1,33,-1,0,5,-1,60,0,0,-1
20240907242283,70,4,49,2,0,3,-1,0,0,0,0
20240907242369,78,2,47,-1,0,6,-1,0,0,0,-1
20240907242369,79,2,48,-1,0,7,-1,0,0,0,-1
20240908240072,67,1,38,-1,0,3,-1,0,0,0,-1
20240908240139,74,4,48,5,0,3,-1,0,0,0,0
20240908240514,62,1,33,-1,0,3,-1,0,0,0,-1
20240908240526,85,4,33,5,0,3,-1,60,0,0,0
20240908240536,80,3,33,-1,0,2,-1,43,43,0,-1
20240908240561,74,4,44,3,0,2,-1,0,0,0,0
20240908240561,85,2,44,-1,0,3,-1,60,0,0,-1
20240908240561,70,4,44,2,0,4,-1,0,0,0,0
20240908240576,85,1,39,-1,0,4,-1,60,0,0,-1
20240908240617,80,4,39,5,0,3,-1,60,0,0,0
20240908240678,63,4,20,8,1,2,2,0,0,0,0
20240908240710,85,4,33,4,0,2,-1,60,0,0,0
20240908240710,85,3,34,-1,0,3,-1,60,0,0,-1
20240908240723,61,1,34,-1,0,3,-1,0,0,0,-1
20240908240723,61,4,33,2,0,4,-1,0,0,0,0
20240908240744,80,4,33,3,0,5,-1,60,0,0,0
20240908240744,80,4,34,3,0,6,-1,60,0,0,0
20240908240744,78,1,40,-1,0,7,-1,0,0,0,-1
20240908240761,72,3,44,-1,0,3,-1,0,0,0,-1
20240908240787,73,1,33,-1,0,4,-1,0,42,0,-1
20240908240799,55,1,44,-1,0,2,-1,0,0,0,-1
20240908240836,85,4,34,13,0,3,-1,60,0,0,0
20240908240862,80,2,33,-1,0,2,-1,60,0,0,-1
20240908240862,78,2,34,-1,0,3,-1,0,0,0,-1
20240908240863,74,4,34,2,0,6,-1,0,0,0,0
20240908241042,73,4,20,4,1,2,2,0,0,0,0
20240908241070,78,2,33,-1,0,4,-1,0,0,0,-1
20240908241070,79,2,34,-1,0,5,-1,0,0,0,-1
20240908241095,57,4,24,2,1,5,5,0,0,0,43
20240908241114,85,4,24,5,1,2,2,0,0,0,0
20240908241122,29,4,28,1,1,3,3,0,0,0,0
20240908241201,80,4,33,3,0,3,-1,60,0,0,0
20240908241214,80,4,24,10,1,3,3,0,0,0,0
20240908241308,85,4,33,15,0,2,-1,60,0,0,0
20240908241384,69,4,24,5,1,2,2,0,0,0,0
20240908241401,85,1,47,-1,0,3,-1,60,0,0,-1
20240908241415,85,4,48,2,0,3,-1,60,0,0,42
20240908241436,80,4,33,4,0,2,-1,60,0,0,0
20240908241485,85,4,33,6,0,4,-1,60,0,0,0
20240908241491,85,4,44,3,0,2,-1,60,0,0,0
20240908241493,85,4,34,1,0,4,-1,60,0,0,0
20240908241564,85,4,33,2,0,3,-1,60,0,0,0
20240908241684,80,4,34,2,0,2,-1,60,0,0,0
20240908241708,85,4,34,1,0,4,-1,60,0,0,0
20240908241712,65,1,43,-1,0,3,-1,0,0,0,-1
20240908241712,60,1,43,-1,0,4,-1,0,0,0,-1
20240908241712,66,1,43,-1,0,5,-1,0,0,0,-1
20240908241748,80,1,33,-1,0,3,-1,0,0,0,-1
20240908241821,85,4,47,8,0,3,-1,60,0,0,0
20240908241890,80,4,33,2,0,3,-1,60,0,0,0
20240908241949,85,4,33,7,0,3,-1,0,0,0,0
20240908242012,85,4,39,3,0,3,-1,60,0,0,0
20240908242048,85,1,34,-1,0,2,-1,60,0,0,-1
20240908242056,85,4,34,5,0,2,-1,60,0,0,0
20240908242056,85,4,43,8,0,3,-1,60,0,0,0
20240908242059,60,4,33,2,0,7,-1,0,0,0,0
20240908242110,80,2,33,-1,0,3,-1,0,0,0,-1
20240908242219,73,3,20,-1,1,2,2,0,0,0,-1
20240908242229,85,4,34,3,0,3,-1,60,0,0,0
20240909240010,85,4,20,2,1,2,2,60,0,0,0
20240909240536,57,1,39,-1,0,5,-1,0,0,0,-1
20240909240536,65,1,40,-1,0,6,-1,0,0,0,-1
20240909240551,77,4,20,9,1,2,2,0,0,0,0
20240909240558,72,3,33,-1,0,3,-1,0,0,0,-1
20240909240730,71,4,37,5,0,3,-1,0,0,0,0
20240909240742,85,4,24,5,1,2,2,0,0,0,0
20240909240803,85,4,33,20,0,3,-1,60,0,0,0
20240909240862,85,4,41,3,0,2,-1,60,0,0,0
20240909240886,85,4,44,2,0,3,-1,60,0,0,0
20240909240886,85,4,44,2,0,4,-1,60,0,0,0
20240909240916,85,1,40,-1,0,5,-1,60,0,0,-1
20240909240924,69,4,33,2,0,2,-1,0,0,0,0
20240909241043,85,2,33,-1,0,3,-1,60,0,0,-1
20240909241043,85,2,34,-1,0,4,-1,60,0,0,-1
20240909241071,63,4,33,5,0,4,-1,0,0,0,0
20240909241071,80,4,47,10,0,5,-1,60,0,0,0
20240909241112,80,4,20,3,1,2,2,0,0,0,0
20240909241115,77,1,49,-1,0,2,-1,0,0,0,-1
20240909241115,80,1,49,-1,0,3,-1,60,0,0,-1
20240909241115,56,1,43,-1,0,4,-1,0,0,0,-1
20240909241129,68,2,43,-1,0,2,-1,0,0,0,-1
20240909241229,80,4,34,2,0,3,-1,60,0,0,0
20240909241386,76,4,33,5,0,6,-1,0,0,0,0
20240909241466,85,1,44,-1,0,3,-1,60,0,0,-1
20240909241724,78,4,20,1,1,2,2,0,0,0,0
20240909241777,52,3,24,-1,1,2,2,0,0,0,-1
20240909241920,85,3,33,-1,0,3,-1,60,0,0,-1
20240909242182,76,1,43,-1,0,3,-1,0,0,0,-1
20240909242250,80,1,44,-1,0,2,-1,0,0,0,-1
20240909242250,80,1,44,-1,0,3,-1,0,0,0,-1
20240909242250,80,1,44,-1,0,4,-1,0,0,0,-1
20240909242275,75,4,20,5,1,2,2,0,0,0,0
20240909242318,85,4,34,5,0,3,-1,60,0,0,0
20241008240555,85,1,33,-1,0,3,-1,60,0,0,-1
20241008240696,85,4,33,5,0,3,-1,60,0,0,0
20241008240696,80,4,44,3,0,4,-1,0,0,0,0
20241008240703,85,3,47,-1,0,3,-1,60,0,0,-1
20241008240911,66,4,43,15,0,2,-1,0,0,0,0
20241008240963,80,4,33,2,0,5,-1,0,0,0,0
20241008240963,80,4,34,2,0,6,-1,60,0,0,0
20241008240979,85,4,44,4,0,5,-1,60,0,0,0
20241008240979,85,4,44,4,0,6,-1,60,0,0,0
20241008240999,85,4,33,4,0,3,-1,60,0,0,0
20241008241153,69,4,33,4,0,3,-1,0,0,0,0
20241008241153,67,4,34,4,0,4,-1,0,0,0,0
20241008241329,78,1,47,-1,0,6,-1,0,0,0,-1
20241008241347,76,4,39,8,0,3,-1,0,0,0,0
20241008241347,78,4,40,8,0,4,-1,0,0,0,0
20241008241357,85,4,33,7,0,4,-1,0,0,0,0
20241008241409,85,1,43,-1,0,2,-1,60,0,0,-1
20241008241435,85,4,24,4,1,2,2,60,0,0,0
20241008241602,85,4,33,5,0,4,-1,60,0,0,0
20241008241653,80,4,33,3,0,6,-1,60,0,0,0
20241008241653,80,4,34,3,0,7,-1,60,0,0,0
20241008241682,75,1,44,-1,0,3,-1,0,0,0,-1
20241008241689,85,4,47,10,0,5,-1,60,0,0,0
20241008241695,62,4,33,3,0,2,-1,0,0,0,0
20241008241840,75,4,33,15,0,5,-1,0,0,0,0
20241008241976,79,4,33,9,0,4,-1,0,0,0,0
20241008242144,79,1,33,-1,0,4,-1,0,0,0,-1
20241008242144,79,1,34,-1,0,5,-1,0,0,0,-1
20241008242300,75,4,43,1,0,2,-1,0,0,0,0
20241008242317,80,3,33,-1,0,3,-1,60,0,0,-1
20241008242317,80,4,34,2,0,4,-1,60,0,0,0
20241009240041,80,4,47,1,0,4,-1,60,0,0,0
20241009240041,70,4,24,12,1,2,2,0,0,0,0
20241009240072,85,4,44,8,0,5,-1,60,0,0,0
20241009240236,67,4,26,4,1,2,2,0,0,0,0
20241009240236,85,4,26,4,1,6,6,0,0,0,0
20241009240292,77,4,47,4,0,6,-1,0,0,0,0
20241009240328,62,1,47,-1,0,7,-1,0,0,0,-1
20241009240517,80,4,20,20,1,2,2,0,0,0,0
20241009240593,78,2,20,-1,1,2,2,0,0,0,-1
20241009240607,76,2,34,-1,0,4,-1,0,0,0,-1
20241009240624,62,1,37,-1,0,2,-1,0,0,0,-1
20241009240627,85,4,33,10,0,3,-1,60,0,0,0
20241009240628,85,2,33,-1,0,3,-1,60,0,0,-1
20241009240661,66,4,33,15,0,5,-1,0,0,0,0
20241009240661,80,4,34,20,0,6,-1,60,0,0,0
20241009240734,63,4,33,5,0,5,-1,0,0,0,0
20241009240734,69,1,44,-1,0,6,-1,0,0,0,-1
20241009240772,85,4,33,5,0,3,-1,60,0,0,0
20241009240774,75,3,24,-1,1,2,2,0,0,0,-1
20241009240774,73,3,24,-1,1,3,3,0,0,0,-1
20241009240816,85,4,34,2,0,3,-1,60,0,0,0
20241009240831,80,1,47,-1,0,3,-1,60,0,0,-1
20241009240832,85,4,39,8,0,3,-1,60,0,0,0
20241009240848,85,3,33,-1,0,3,-1,60,0,0,-1
20241009240887,85,4,33,6,0,2,-1,60,0,0,0
20241009240887,85,4,34,6,0,3,-1,60,0,0,0
20241009240915,60,3,24,-1,1,3,3,0,0,0,-1
20241009240982,85,4,47,3,0,5,-1,60,0,0,0
20241009241022,80,3,24,-1,1,2,2,0,0,0,-1
20241009241076,80,4,39,8,0,3,-1,60,0,0,0
20241009241076,85,3,34,-1,0,4,-1,60,0,0,-1
20241009241084,72,2,33,-1,0,4,-1,0,0,0,-1
20241009241105,77,1,33,-1,0,3,-1,0,0,0,-1
20241009241116,56,3,33,-1,0,6,-1,0,0,0,-1
20241009241140,85,2,34,-1,0,3,-1,60,0,0,-1
20241009241175,85,4,20,34,1,2,2,0,0,0,0
20241009241238,76,3,33,-1,0,6,-1,0,0,0,-1
20241009241241,77,3,33,-1,0,2,-1,0,0,0,-1
20241009241241,85,4,34,3,0,3,-1,60,0,0,0
20241009241250,73,1,24,-1,1,2,2,0,0,0,-1
20241009241273,74,4,40,5,0,6,-1,0,0,0,0
20241009241332,78,1,56,-1,0,5,-1,0,0,0,-1
20241009241351,85,4,43,2,0,3,-1,60,0,0,0
20241009241352,85,1,34,-1,0,3,-1,60,0,0,-1
20241009241377,78,3,49,-1,0,7,-1,0,0,0,-1
20241009241401,71,4,20,7,1,2,2,0,0,0,0
20241009241446,85,3,33,-1,0,2,-1,60,0,0,-1
20241009241475,55,1,43,-1,0,2,-1,0,0,0,-1
20241009241475,85,1,56,-1,0,3,-1,61,0,0,-1
20241009241528,85,4,33,2,0,3,-1,60,0,0,0
20241009241528,85,4,34,2,0,4,-1,0,0,0,0
20241009241561,80,2,20,-1,1,2,2,0,0,0,-1
20241009241628,80,4,33,2,0,3,-1,60,0,0,0
20241009241628,85,4,34,2,0,4,-1,0,0,0,0
20241009241628,85,4,39,5,0,5,-1,60,0,0,0
20241009241635,79,2,33,-1,0,4,-1,0,0,0,-1
20241009241635,80,2,34,-1,0,5,-1,60,0,0,-1
20241009241712,75,1,38,-1,0,3,-1,0,0,0,-1
20241009241736,77,4,49,3,0,3,-1,0,0,0,0
20241009241744,85,4,34,2,0,2,-1,60,0,0,0
20241009241744,85,4,33,2,0,3,-1,60,0,0,0
20241009241800,80,4,39,3,0,3,-1,60,0,0,0
20241009241806,80,1,43,-1,0,4,-1,60,0,0,-1
20241009241842,80,4,41,3,0,4,-1,60,0,0,0
20241009241842,76,4,34,3,0,5,-1,0,0,0,0
20241009241843,79,2,33,-1,0,5,-1,0,0,0,-1
20241009241843,79,3,34,-1,0,6,-1,0,0,0,-1
20241009241866,80,4,49,7,0,8,-1,60,0,0,0
20241009241866,76,4,24,8,1,5,5,0,0,0,0
20241009241990,70,4,20,3,1,2,2,0,0,0,0
20241009242053,85,1,43,-1,0,4,-1,60,0,0,-1
20241009242099,80,3,33,-1,0,3,-1,60,0,0,-1
20241009242099,85,4,39,4,0,4,-1,60,0,0,0
20241009242102,78,3,41,-1,0,5,-1,0,0,0,-1
20241009242103,80,1,33,-1,0,3,-1,60,0,0,-1
20241009242103,85,1,34,-1,0,4,-1,0,0,0,-1
20241009242114,85,4,38,3,0,2,-1,60,0,0,0
20241009242132,80,4,33,7,0,3,-1,60,0,0,0
20241009242161,76,2,33,-1,0,6,-1,0,0,0,-1
20241009242161,76,2,34,-1,0,7,-1,0,0,0,-1
20241009242178,85,2,43,-1,0,2,-1,60,0,0,-1
20241009242189,77,1,33,-1,0,2,-1,0,0,0,-1
20241009242216,80,4,38,3,0,2,-1,60,0,0,0
20241009242220,74,4,41,2,0,4,-1,0,0,0,0
20241009242220,73,4,24,5,1,2,2,0,0,0,0
20241009242312,80,4,39,2,0,3,-1,60,0,0,0
20241009242334,68,4,37,2,0,3,-1,0,0,0,0
20241009242354,85,4,20,10,1,2,2,0,0,0,0
20241010240647,76,2,33,-1,0,4,-1,0,0,0,-1
20241010240647,75,2,34,-1,0,5,-1,0,0,0,-1
20241010240813,80,4,20,3,1,2,2,0,0,0,0
20241010240864,85,2,34,-1,0,3,-1,0,0,0,-1
20241010240907,80,4,49,3,0,2,-1,60,0,0,0
20241010240951,85,4,26,5,1,3,3,0,0,0,0
20241010240987,80,4,24,6,1,2,2,0,0,0,0
20241010241133,78,4,47,5,0,2,-1,0,0,0,0
20241010241654,85,2,39,-1,0,3,-1,60,0,0,-1
20241010241863,39,4,49,39,0,3,-1,0,0,0,0
20241108241947,71,4,26,3,1,4,4,0,0,0,0
20241109240087,75,4,44,3,0,2,-1,0,42,0,42
20241109240087,85,4,44,5,0,3,-1,60,0,0,0
20241109240087,80,4,44,2,0,4,-1,60,0,0,0
20241109240087,79,1,44,-1,0,5,-1,0,0,0,-1
20241109240114,85,1,41,-1,0,3,-1,0,0,0,-1
20241109240234,85,2,26,-1,1,2,2,0,0,0,-1
20241109240544,85,4,24,15,1,2,2,0,0,0,0
20241109240797,71,1,33,-1,0,2,-1,0,0,0,-1
20241109240863,85,2,33,-1,0,3,-1,60,0,0,-1
20241109241244,85,4,24,10,1,2,2,0,0,0,0
20241109241464,68,1,43,-1,0,2,-1,0,0,0,-1
20241109242035,74,4,20,2,1,2,2,0,0,0,0
20241109242151,85,4,33,10,0,3,-1,60,0,0,0
20241109242151,79,1,43,-1,0,4,-1,0,0,0,-1
20241109242184,18,3,49,-1,0,3,-1,0,0,0,-1
20241109242243,79,4,34,2,0,4,-1,0,0,0,0
20241109242285,85,1,42,-1,0,3,-1,60,0,0,-1
20241109242339,80,4,34,15,0,3,-1,60,0,0,0
20241110240038,67,4,24,3,1,4,4,0,0,0,0
20241110240547,85,3,47,-1,0,6,-1,60,0,0,-1
20241110240581,76,4,34,5,0,2,-1,0,0,0,0
20241110240619,85,4,33,3,0,2,-1,60,0,0,42
20241110240619,85,4,34,3,0,3,-1,60,0,0,42
20241110240626,79,3,43,-1,0,2,-1,0,0,0,-1
20241110240640,75,1,34,-1,0,4,-1,0,0,0,-1
20241110240671,36,4,37,3,0,4,-1,0,42,0,42
20241110240711,80,4,34,3,0,4,-1,60,0,0,0
20241110240750,76,4,43,2,0,2,-1,0,0,0,0
20241110240859,74,4,41,7,0,3,-1,0,0,0,0
20241110240859,74,4,33,20,0,4,-1,0,0,0,0
20241110240865,85,4,34,2,0,2,-1,60,0,0,0
20241110240873,80,4,33,15,0,2,-1,0,0,0,0
20241110240885,59,4,44,2,0,3,-1,42,0,0,0
20241110240908,74,4,44,8,0,3,-1,0,0,0,0
20241110240912,54,1,33,-1,0,3,-1,0,0,0,-1
20241110240945,74,4,49,3,0,2,-1,0,0,0,0
20241110240979,71,4,33,5,0,2,-1,0,0,0,0
20241110241015,65,4,49,10,0,4,-1,0,0,0,0
20241110241021,80,4,33,5,0,4,-1,60,0,0,0
20241110241037,85,4,20,5,1,2,2,0,0,0,0
20241110241054,65,1,33,-1,0,4,-1,0,0,0,-1
20241110241065,80,4,44,2,0,3,-1,60,0,0,0
20241110241083,80,4,34,8,0,3,-1,60,0,0,0
20241110241090,80,4,49,6,0,3,-1,60,0,0,0
20241110241102,65,4,20,15,1,2,2,0,0,0,0
20241110241155,69,1,49,-1,0,3,-1,0,0,0,-1
20241110241171,76,4,33,2,0,3,-1,0,0,0,0
20241110241171,78,2,34,-1,0,4,-1,0,0,0,-1
20241110241240,74,4,35,3,0,2,-1,0,0,0,0
20241110241364,85,4,44,2,0,2,-1,61,0,0,0
20241110241364,69,4,44,3,0,3,-1,42,0,0,0
20241110241364,85,4,44,3,0,4,-1,60,0,0,0
20241110241364,65,3,44,-1,0,5,-1,42,0,0,-1
20241110241386,61,3,24,-1,1,2,2,0,0,0,-1
20241110241386,64,3,24,-1,1,3,3,0,0,0,-1
20241110241387,85,4,33,2,0,3,-1,60,0,0,0
20241110241387,67,4,37,3,0,4,-1,0,0,0,0
20241110241400,62,1,24,-1,1,2,2,0,0,0,-1
20241110241441,85,1,47,-1,0,5,-1,60,0,0,-1
20241110241491,78,4,33,5,0,2,-1,0,0,0,0
20241110241559,74,2,43,-1,0,3,-1,0,0,0,-1
20241110241623,80,2,49,-1,0,3,-1,60,0,0,-1
20241110241641,85,4,39,3,0,3,-1,60,0,0,0
20241110241665,85,4,33,2,0,3,-1,60,0,0,0
20241110241679,79,4,34,5,0,4,-1,0,0,0,0
20241110241699,70,4,24,3,1,2,2,0,0,0,0
20241110241728,80,1,49,-1,0,2,-1,0,0,0,-1
20241110241728,50,4,49,4,0,3,-1,0,0,0,0
20241110241756,67,1,33,-1,0,7,-1,0,0,0,-1
20241110241756,69,4,34,10,0,8,-1,0,0,0,0
20241110241756,69,4,41,3,0,9,-1,0,0,0,0
20241110241776,75,4,20,4,1,2,2,0,0,0,0
20241110241804,85,4,20,3,1,2,2,0,0,0,0
20241110241807,58,1,42,-1,0,4,-1,0,0,0,-1
20241110241823,85,3,43,-1,0,2,-1,0,0,0,-1
20241110241823,85,3,43,-1,0,3,-1,0,0,0,-1
20241110241869,68,4,44,13,0,3,-1,0,0,0,0
20241110241869,59,4,44,13,0,4,-1,0,0,0,0
20241110241887,85,4,33,2,0,3,-1,60,0,0,0
20241110241890,80,4,33,10,0,6,-1,0,0,0,0
20241110241918,85,4,47,2,0,4,-1,60,0,0,0
20241110242046,59,2,34,-1,0,3,-1,0,0,0,-1
20241110242057,80,3,56,-1,0,3,-1,0,0,0,-1
20241110242057,60,3,56,-1,0,4,-1,0,0,0,-1
20241110242057,65,3,56,-1,0,5,-1,0,0,0,-1
20241110242057,70,3,56,-1,0,6,-1,0,0,0,-1
20241110242057,85,3,56,-1,0,7,-1,60,0,0,-1
20241110242058,85,1,33,-1,0,2,-1,60,0,0,-1
20241110242187,85,4,33,10,0,4,-1,60,0,0,0
20241110242205,70,1,44,-1,0,3,-1,0,0,0,-1
20241110242250,73,4,43,3,0,3,-1,0,0,0,0
20241110242261,73,4,34,3,0,3,-1,0,0,0,0
20241110242306,85,2,33,-1,0,3,-1,60,0,0,-1
20241110242318,76,1,33,-1,0,4,-1,0,0,0,-1
20241110242370,64,4,33,2,0,5,-1,0,0,0,0
20241111240234,69,4,47,7,0,6,-1,0,0,0,0
20241111240288,64,4,34,6,0,2,-1,0,0,0,0
20241111240288,85,4,48,5,0,3,-1,60,0,0,0
20241111240289,80,4,43,2,0,5,-1,60,0,0,0
20241111241071,80,4,49,2,0,3,-1,60,0,0,42
20241111241071,80,4,44,4,0,4,-1,60,0,0,42
20241111241492,85,4,33,12,0,3,-1,60,0,0,0
20241111241780,76,4,43,2,0,2,-1,0,0,0,0
20241111241780,80,1,44,-1,0,3,-1,60,0,0,-1
20241111241940,68,4,37,5,0,4,-1,0,0,0,0
20241111242012,85,4,20,2,1,2,2,0,0,0,0
20241111242261,70,2,43,-1,0,3,-1,0,0,0,-1
20241111242310,80,4,33,5,0,2,-1,60,0,0,0
20241111242333,74,2,33,-1,0,6,-1,0,0,0,-1
20241209240907,79,4,44,3,0,5,-1,42,0,0,0
20241210240580,74,4,33,4,0,3,-1,0,0,0,0
20241210240606,79,4,47,24,0,3,-1,0,0,0,0
20241210240849,63,4,43,3,0,2,-1,0,0,0,0
20241210240849,85,4,33,5,0,3,-1,60,0,0,0
20241210240871,85,4,34,3,0,3,-1,60,0,0,0
20241210240998,71,4,33,14,0,3,-1,0,0,0,0
20241210240998,73,4,34,14,0,4,-1,0,0,0,0
20241210241104,85,4,40,2,0,3,-1,60,0,0,0
20241210241353,85,4,33,10,0,7,-1,60,0,0,0
20241210241353,85,4,34,10,0,8,-1,60,0,0,0
20241210241448,79,4,33,2,0,3,-1,0,0,0,0
20241210241476,54,1,44,-1,0,7,-1,0,0,0,-1
20241210241599,85,4,44,15,0,3,-1,60,0,0,0
20241210241599,80,4,44,10,0,4,-1,60,0,0,0
20241210241631,72,4,33,2,0,3,-1,0,0,0,0
20241210241703,85,4,35,5,0,2,-1,60,0,0,0
20241210241824,70,4,26,18,1,7,7,0,0,0,0
20241210241824,67,4,26,18,1,8,8,0,0,0,0
20241210242005,85,4,47,1,0,3,-1,60,0,0,0
20241210242009,78,2,34,-1,0,2,-1,0,0,0,-1
20241210242149,80,1,43,-1,0,3,-1,0,0,0,-1
20241210242149,80,1,56,-1,0,4,-1,60,0,0,-1
20241210242269,60,4,43,25,0,6,-1,0,0,0,0
20241210242269,75,4,44,25,0,7,-1,0,0,0,0
20241211240299,65,1,47,-1,0,4,-1,0,0,0,-1
20241211240299,65,1,48,-1,0,5,-1,0,0,0,-1
20241211240515,62,4,38,4,0,4,-1,0,0,0,0
20241211240517,85,4,43,22,0,3,-1,60,0,0,0
20241211240517,85,4,43,10,0,4,-1,60,0,0,0
20241211240529,80,4,34,2,0,5,-1,60,0,0,0
20241211240565,80,4,20,2,1,2,2,0,0,0,0
20241211240582,80,1,33,-1,0,2,-1,0,0,0,-1
20241211240582,80,1,34,-1,0,3,-1,60,0,0,-1
20241211240641,85,4,33,5,0,3,-1,60,0,0,0
20241211240641,85,2,43,-1,0,4,-1,60,0,0,-1
20241211240643,72,4,39,10,0,5,-1,0,0,0,0
20241211240643,70,4,40,10,0,6,-1,0,0,0,0
20241211240737,80,4,24,4,1,2,2,0,0,0,0
20241211240744,78,3,39,-1,0,3,-1,0,0,0,-1
20241211240758,85,4,34,7,0,3,-1,60,0,0,0
20241211240776,66,4,20,8,1,2,2,0,0,0,0
20241211240799,85,4,43,1,0,3,-1,0,0,0,0
20241211240839,68,4,38,1,0,2,-1,0,0,0,0
20241211240845,73,4,35,3,0,2,-1,0,0,0,0
20241211240856,85,4,24,4,1,2,2,0,0,0,0
20241211240887,71,4,33,5,0,5,-1,0,0,0,0
20241211240887,74,4,34,5,0,6,-1,0,0,0,0
20241211240927,80,2,43,-1,0,2,-1,0,0,0,-1
20241211240936,80,4,43,6,0,3,-1,60,0,0,0
20241211240964,76,4,43,3,0,4,-1,0,0,0,0
20241211240964,80,4,33,5,0,5,-1,60,0,0,0
20241211240976,71,4,20,20,1,2,2,0,0,0,0
20241211240987,80,4,30,4,1,2,2,0,0,0,0
20241211241101,80,3,44,-1,0,3,-1,60,0,0,-1
20241211241101,85,4,44,3,0,4,-1,60,0,0,0
20241211241129,85,4,33,10,0,2,-1,60,0,0,0
20241211241129,85,4,34,10,0,3,-1,60,0,0,0
20241211241133,85,4,33,6,0,3,-1,60,0,0,0
20241211241193,70,4,33,2,0,6,-1,0,0,0,0
20241211241193,78,4,34,5,0,7,-1,0,0,0,0
20241211241197,80,3,44,-1,0,2,-1,60,0,0,-1
20241211241237,85,4,24,20,1,3,3,0,0,0,0
20241211241242,85,4,33,5,0,4,-1,60,0,0,0
20241211241273,62,4,56,4,0,2,-1,0,0,0,0
20241211241273,78,4,49,14,0,3,-1,0,0,0,0
20241211241336,85,4,24,2,1,2,2,60,0,0,42
20241211241344,80,4,33,4,0,3,-1,60,0,0,0
20241211241352,75,1,33,-1,0,6,-1,0,0,0,-1
20241211241369,85,4,20,10,1,2,2,0,0,0,0
20241211241464,85,3,47,-1,0,2,-1,60,0,0,-1
20241211241501,78,1,33,-1,0,5,-1,0,0,0,-1
20241211241580,79,2,34,-1,0,3,-1,0,0,0,-1
20241211241663,68,4,56,2,0,6,-1,0,0,0,0
20241211241689,68,1,33,-1,0,6,-1,0,0,0,-1
20241211241736,85,4,33,5,0,3,-1,60,0,0,0
20241211241736,85,4,34,5,0,4,-1,60,0,0,0
20241211241776,48,1,43,-1,0,5,-1,0,0,0,-1
20241211241776,78,1,43,-1,0,6,-1,0,0,0,-1
20241211241776,80,1,43,-1,0,7,-1,0,0,0,-1
20241211241784,62,4,37,15,0,3,-1,0,0,0,0
20241211241784,80,3,44,-1,0,4,-1,60,0,0,-1
20241211241845,73,4,44,7,0,7,-1,0,0,0,0
20241211241848,72,1,20,-1,1,2,2,0,0,0,-1
20241211241851,58,1,56,-1,0,2,-1,0,0,0,-1
20241211241879,85,4,20,6,1,2,2,0,0,0,0
20241211241888,71,4,24,10,1,2,2,0,0,0,0
20241211241888,78,4,24,10,1,3,3,0,0,0,0
20241211241891,85,3,33,-1,0,2,-1,60,0,0,-1
20241211241891,80,3,49,-1,0,3,-1,0,0,0,-1
20241211241896,77,1,43,-1,0,3,-1,0,0,0,-1
20241211241952,65,4,39,2,0,5,-1,42,0,0,0
20241211241952,80,4,40,2,0,6,-1,61,0,0,0
20241211241952,76,1,44,-1,0,7,-1,42,0,0,-1
20241211241952,68,4,44,2,0,8,-1,42,0,0,0
20241211241952,85,4,44,2,0,9,-1,61,0,0,0
20241211241978,85,3,34,-1,0,2,-1,60,0,0,-1
20241211241986,72,4,20,10,1,2,2,0,0,0,0
20241211242032,80,4,41,3,0,3,-1,60,0,0,0
20241211242050,85,4,33,3,0,3,-1,60,0,0,0
20241211242076,80,2,34,-1,0,2,-1,60,0,0,-1
20241211242076,78,2,33,-1,0,3,-1,0,0,0,-1
20241211242091,85,1,33,-1,0,3,-1,60,0,0,-1
20241211242103,85,2,40,-1,0,3,-1,60,0,0,-1
20241211242103,85,4,39,2,0,4,-1,60,0,0,0
20241211242134,85,4,39,4,0,3,-1,60,0,0,0
20241211242139,79,4,43,2,0,2,-1,0,0,0,0
20241211242178,80,4,33,2,0,3,-1,60,0,0,0
20241211242178,78,4,42,3,0,4,-1,0,0,0,0
20241211242178,79,4,41,2,0,5,-1,0,0,0,0
20241211242208,73,4,20,5,1,2,2,0,0,0,0
20241211242227,85,4,34,2,0,4,-1,0,0,0,0
20241211242271,85,4,33,3,0,2,-1,60,0,0,0
20241211242271,85,2,41,-1,0,3,-1,60,0,0,-1
20241211242277,73,4,20,11,1,2,2,0,0,0,0
20241211242280,75,4,43,2,0,2,-1,0,0,0,0
20241211242280,75,4,43,2,0,3,-1,0,0,0,0
20241211242290,76,4,20,3,1,2,2,0,0,0,0
20241211242342,67,2,49,-1,0,3,-1,0,0,0,-1
20241211242342,70,1,49,-1,0,4,-1,0,0,0,-1
20241212240557,85,4,33,5,0,3,-1,60,0,0,0
20241212240857,85,4,43,3,0,3,-1,60,0,0,0
20241212241039,79,4,34,20,0,2,-1,0,0,0,0
20241212241426,74,4,34,2,0,2,-1,0,0,0,0
20241212241772,85,2,47,-1,0,4,-1,60,0,0,-1
20241212241999,78,1,44,-1,0,2,-1,0,0,0,-1
20241212242066,85,4,49,3,0,4,-1,60,0,0,0
